2 16 439
1 4
1 1
1 12
2 2
1 1
1 4
1 15
92255153
1675812663
868859576
1455391918
2007200429
496985298
711477249
917805327
173064696
1006397729
422611753
295525241
691615343
548195050
147216740
1624394971
1905348988
158485695
2099832350
1673858701
2068682847
295265553
1578377992
770189030
79950162
1890050794
1961347046
2020943088
1716378142
41821246
373213486
1808633294
1717633908
1242073062
1116541563
1577350688
1739058359
1828018811
347672366
1912123054
686932892
770284119
60164647
1378548234
1318479168
207381386
855459556
1076344508
365867080
807808257
602719560
287066278
1103073809
33613903
1057255308
1183023970
1923664696
871118705
1056483409
1492559189
912939951
1429696895
1153708835
483090210
524286308
122766749
2060440898
115861018
1950785560
260629615
2027984072
490234803
1030913733
2088148718
1868783036
201909253
148046455
576758943
1278253760
513913535
1384567199
1880973319
800979812
340157360
1914587221
1858235119
1523181329
1690768268
581870176
432181090
1035843809
1494810126
1861877984
42068995
1977900335
238680643
164835743
1890857584
354541660
2115621302
4003551
235042083
458372456
1034917283
175707152
179671843
1236826535
323753607
756430785
367596646
837667141
2140997984
101086316
1638646952
333671695
2015673536
1349398423
1856853023
1558958156
1931268598
141550464
447318316
1278595075
2003428447
489387310
1109011761
94625441
654223052
852385697
449167101
622360706
856389247
684209183
1080733161
1891306529
859916335
1260405004
980649416
1183669941
2016835788
1348246061
2021337081
2010350123
1449332377
1512500384
196538169
1317522264
714415158
2053391192
728996771
498200107
47458007
1176315086
1776795181
2050886454
1665702395
738323294
2145511894
172441799
1590708990
447195346
794802504
299614588
1131404529
1875535664
43437468
1991320863
988457019
1024086883
1027507155
857809159
224849296
901360587
720675633
1674181672
266377322
917213802
844220287
980792480
823121345
1573217058
1478992586
870579351
602048495
1108304119
773982156
120267242
1846627412
772010402
292709040
1289852753
1219205747
1087511543
1589467340
203126627
815563558
1632904807
46963841
1804020577
509508042
1074470995
514346087
734357337
1975831581
1235021719
261055360
94725255
4751872
1105275646
1075517734
827873216
531009055
407026671
1698452567
1133057550
1515330789
324951074
1253324791
1214474552
1096961475
1546033830
356843656
168683574
486061724
1946310995
371810200
1301625281
1431732154
418774041
958162209
1941240195
1493245035
1472508295
528113883
1321592968
560046366
789169242
1416318222
564798237
1894444887
344352307
1392671453
277970294
751378977
943640371
1411027843
119226118
1268591444
516868985
1333700669
218069271
2062902814
1690544325
386752844
401480889
1489371671
758563043
1703106169
773620176
1177337083
513784730
567376722
523098470
1986293024
1095490604
1844691437
398855741
1884659845
1113526010
963653978
1631621084
1457878316
208841782
1909591377
61773644
1152482152
1173135571
180999761
273589947
1690004555
1514700430
491659217
1605423720
1057761106
878412060
2006904608
399649128
1636975103
1562527128
1173269304
666828537
2076311857
1740646025
1189927006
1915121233
688652981
887134794
166493325
425829177
2000660803
1130147302
2057450260
1311055470
1338989083
1819557988
1372829114
343987586
845209910
1553828874
617577533
387730816
921045655
1109236749
1993154535
1978806760
1987648809
1852575494
230972240
1477140263
1267618974
1404241543
2143968799
1196447182
997403919
1186412157
964084766
1686056899
2073546950
1130578091
2111886076
1926724105
113241744
2021852687
1090295926
1452230827
1693927027
315641391
1796218412
391653288
1869470265
266312296
779384104
643032271
1375549045
625054990
474355383
1215714205
330146836
705327622
545370819
1597765809
2109569164
541855969
646729342
959489434
1728268125
1610814108
498062685
1654331427
593908550
462465112
1433571883
707150293
336834150
376384160
11897471
2030761176
692025551
1808115883
274930816
414012167
2074428178
1054314919
1057044437
1302493574
1679369908
1531399819
370724130
2009516743
89243792
916094948
1459798903
51329307
1457950917
2106528245
1010818741
1038735393
1569858704
1508881425
545583171
16283605
1971346536
1979155053
723433897
160697037
208055565
735331368
43974565
900081115
395963602
318905380
1314093281
322908131
1373220298
223654069
1625401705
905106557
1755053888
1996125834
767139652
1844297679
764737134
79454906
1895626986
75204402
38499502
758962078
1113939794
1608358205
120359854
1659522965
1624641809
2091706389
1491194369
200592058
104919777
1699249933
935923425
148894341
451847399
1331887026
467799720
1765940679
1654795156
1841020017
1989594748
1132713212
598642926
1597164987
