2773005113
1571424554
2861150833
2453028534
1240353321
1577597794
2936484155
3480023262
3498071917
4124705090
1942659169
4093158022
3050863744
3936537362
1124074353
1726211411
2968166882
3700363374
2873202364
2881932824
1507586737
2970847891
2814604706
856642144
2593879139
610096492
92046809
2328632368
3235601117
657002166
1247734049
1808062005
1356955217
2871689492
675784444
1720443962
4770157618
1927875841
2558986340
1080276911
1406690092
4929799460
3396851345
3627115609
83787671
4393073277
2952694517
2626047
1252543589
2274659431
