452
775 0
117 1
448 2
988 0
973 2
235 1
598 3
666 1
67 0
267 7
843 3
68 3
724 4
570 12
976 4
340 4
155 7
301 7
116 9
248 0
868 9
322 15
980 7
364 11
587 20
980 9
726 26
794 2
361 5
100 24
440 17
438 6
246 9
899 24
731 1
802 26
628 30
767 36
814 35
4 9
111 16
182 33
382 4
988 30
42 44
783 25
878 20
778 19
662 17
189 25
174 48
694 13
816 26
112 11
941 4
382 19
451 11
239 28
889 13
630 25
665 25
114 51
984 20
18 42
919 49
389 17
899 6
597 13
893 12
695 28
528 27
235 67
638 29
513 28
51 51
808 58
906 17
609 21
164 57
886 17
535 1
878 59
707 40
499 69
886 30
783 26
269 59
742 64
842 77
784 86
101 19
310 75
217 25
895 2
248 46
166 51
757 40
567 48
220 39
765 64
610 10
870 2
915 51
487 27
218 57
351 92
566 44
675 24
931 71
513 40
52 78
312 77
776 12
622 44
295 97
805 29
636 108
485 61
637 4
658 51
594 48
875 8
21 121
940 1
470 52
480 103
186 111
681 119
22 59
308 64
392 109
924 35
138 86
930 95
731 33
332 50
299 65
834 29
755 103
973 104
929 12
98 44
948 3
426 9
432 25
988 125
549 23
203 10
375 62
812 33
422 75
133 86
348 123
391 125
443 19
31 95
520 5
188 3
257 0
139 52
698 85
568 115
93 92
284 145
253 16
923 160
589 146
746 6
373 11
743 158
204 88
537 68
252 132
893 1
688 109
252 78
860 69
336 94
940 95
770 170
418 89
570 56
747 171
294 58
155 80
285 99
160 163
784 96
896 38
623 5
58 126
673 33
693 61
573 163
978 141
176 194
387 160
753 174
411 62
956 197
786 121
627 25
413 168
708 62
438 152
243 187
203 180
765 18
274 16
879 198
31 91
350 149
502 17
902 55
852 168
181 104
96 25
933 3
218 49
168 91
321 44
502 117
29 57
474 65
307 153
257 147
109 106
106 54
412 17
874 98
215 172
251 45
213 155
522 11
175 16
789 180
154 92
75 85
612 185
188 227
252 79
958 119
754 14
322 134
773 165
428 116
952 233
1 94
214 227
650 123
266 123
587 193
432 158
305 194
561 7
664 51
287 51
523 120
36 171
206 235
94 32
147 214
15 191
914 58
724 7
968 44
705 52
111 193
567 230
882 224
906 160
290 120
165 4
937 135
360 224
360 201
478 120
202 271
708 108
72 106
382 109
123 100
945 12
573 212
648 210
989 97
998 143
801 37
441 159
714 286
230 8
309 72
282 162
904 69
977 80
123 78
718 276
147 102
477 292
524 118
524 131
381 121
141 198
386 252
270 145
85 178
875 107
910 108
254 83
848 284
844 78
291 1
566 201
574 224
507 2
518 0
960 149
254 245
783 300
32 319
90 13
254 79
860 54
824 147
32 315
47 271
345 124
787 137
126 82
305 319
808 287
14 165
776 197
218 119
907 324
313 201
717 77
16 161
433 136
394 219
215 312
691 227
129 15
821 21
837 254
239 46
651 161
763 99
871 276
335 280
230 1
477 318
916 116
578 119
683 108
165 162
763 347
160 320
684 191
497 179
457 165
869 44
339 248
236 134
963 303
690 231
920 304
842 293
9 262
535 178
742 275
644 86
258 262
746 368
783 190
165 18
681 97
401 142
16 9
580 115
909 132
522 346
786 302
14 194
485 270
541 382
951 10
81 248
987 107
501 136
421 362
63 48
50 338
472 354
450 306
394 278
23 8
537 246
333 241
305 102
803 151
43 337
382 18
665 183
302 274
193 198
885 126
526 6
70 265
702 158
751 136
229 83
714 6
284 128
19 281
864 292
490 386
630 305
733 146
942 45
514 373
107 309
741 381
684 128
981 159
680 192
832 202
208 231
377 165
944 393
784 280
920 70
416 141
495 234
546 78
534 211
922 392
808 374
625 331
823 330
876 155
40 223
114 316
956 251
443 409
236 260
409 384
202 42
407 344
677 197
835 10
362 329
216
1 17 9
2 17
1 146 25
2 146
1 171 22
2 171
1 6 38
2 6
1 317 13
2 317
1 32 29
2 32
1 112 12
2 112
1 24 6
2 24
1 167 25
2 167
1 193 23
2 193
1 161 16
2 161
1 1 18
2 1
1 42 35
2 42
1 272 10
2 272
1 402 3
2 402
1 344 38
2 344
1 337 30
2 337
1 27 16
2 27
1 320 30
2 320
1 247 32
2 247
1 261 23
2 261
1 229 0
2 229
1 385 3
2 385
1 315 11
2 315
1 284 14
2 284
1 422 33
2 422
1 403 26
2 403
1 260 6
2 260
1 385 5
2 385
1 58 2
2 58
1 2 37
2 2
1 297 5
2 297
1 440 9
2 440
1 393 24
2 393
1 355 20
2 355
1 35 26
2 35
1 10 38
2 10
1 80 31
2 80
1 63 17
2 63
1 39 22
2 39
1 448 21
2 448
1 335 13
2 335
1 431 19
2 431
1 387 4
2 387
1 216 19
2 216
1 241 17
2 241
1 393 0
2 393
1 103 36
2 103
1 407 28
2 407
1 231 32
2 231
1 229 37
2 229
1 17 4
2 17
1 77 29
2 77
1 180 20
2 180
1 37 22
2 37
1 29 29
2 29
1 227 10
2 227
1 428 34
2 428
1 50 14
2 50
1 111 38
2 111
1 351 5
2 351
1 30 2
2 30
1 437 22
2 437
1 213 6
2 213
1 175 11
2 175
1 245 3
2 245
1 256 1
2 256
1 187 27
2 187
1 359 35
2 359
1 19 20
2 19
1 131 3
2 131
1 426 12
2 426
1 410 3
2 410
1 106 19
2 106
1 307 36
2 307
1 271 35
2 271
1 115 16
2 115
1 40 39
2 40
1 435 28
2 435
1 36 2
2 36
1 243 28
2 243
1 106 32
2 106
1 89 5
2 89
1 380 3
2 380
1 205 20
2 205
1 387 9
2 387
1 443 16
2 443
1 235 12
2 235
1 309 11
2 309
1 402 21
2 402
1 101 32
2 101
1 365 1
2 365
1 69 6
2 69
1 312 8
2 312
1 202 39
2 202
1 206 18
2 206
1 172 39
2 172
1 39 9
2 39
1 149 23
2 149
1 253 36
2 253
1 359 28
2 359
1 233 2
2 233
1 95 18
2 95
1 290 16
2 290
1 352 30
2 352
1 109 29
2 109
1 7 6
2 7
1 215 31
2 215
