100 100
2 32 63 9320 -1301
1 7 19 -107427346 -188318342
1 35 65 864059653 843503850
2 65 89 -1000 5496
2 18 46 -5992 1648
3 46
1 43 79 -950648303 730224052
1 9 17 654915963 -599079105
2 14 81 -2247 842
3 5
1 15 17 254595187 -761862449
2 13 37 -3183 -7081
3 18
2 27 36 1624 8836
2 4 29 -736 -1895
1 21 60 -946551204 -196039939
3 91
1 38 58 372331443 87986328
3 95
1 11 65 -556585632 -352582965
1 26 86 890669647 -924936364
3 37
2 17 38 5399 7994
1 7 12 -856409148 625741972
1 35 95 -854882692 221878735
2 24 37 -1060 1188
3 16
2 2 17 1094 4149
2 4 83 3463 7217
2 2 4 -6458 9160
2 85 89 2852 -7412
3 4
3 47
3 86
2 54 90 4043 4504
1 12 12 64627723 -770558488
2 5 6 -1723 6023
1 17 82 235158963 423644541
3 53
3 77
1 26 69 194089888 999337815
1 66 74 -680338379 349280846
3 26
2 25 36 -8449 -2453
3 10
2 1 1 6491 8081
3 7
1 1 1 130886232 -894268624
1 1 1 256279091 342433567
3 17
2 2 13 -427 5989
3 62
3 95
2 54 73 3282 5425
1 19 74 398197663 743021579
1 55 64 -4228583 961031691
2 53 70 -4565 -9263
3 53
2 4 6 -8789 -6406
3 73
1 1 5 -224355380 -147298392
2 34 46 -1560 -3744
3 72
2 21 27 -7142 -2430
3 28
2 91 94 3866 -4055
1 5 24 -855440034 183477770
2 67 91 1779 4875
1 7 88 -625742964 -587665066
3 93
3 59
3 73
1 15 44 -210625571 -956979678
1 16 24 736281232 148892020
2 2 9 8863 3178
3 55
2 1 39 -3814 3577
2 3 23 -5838 -3486
3 21
2 69 82 1542 275
1 51 66 621310296 -373264344
3 70
3 35
1 25 66 425414465 -49898229
3 57
3 100
1 55 81 -718310551 -913348657
1 36 60 -25268061 -839762508
3 35
3 34
2 7 11 -6293 -9364
3 9
2 1 5 -2213 -8178
1 1 1 416174801 261941751
1 7 34 581306865 -129153972
2 62 77 5856 -832
2 44 91 7636 -6259
2 4 19 9335 -1132
1 46 59 753304682 -725468903
3 31
