1000 100
2 437 452 1248 6762
1 126 128 -579503735 -158991155
2 24 104 -6134 -4601
2 120 401 7238 -2157
2 33 171 2022 4062
3 79
2 520 591 9161 21
1 23 59 946662202 310686433
2 155 216 -3054 9354
1 554 803 578502553 817874615
1 24 297 -26723184 50003147
3 695
1 348 438 -475298401 -897257682
3 589
2 191 618 6537 -3761
2 765 972 -1203 -7979
1 106 505 320912440 -119232276
3 408
2 175 378 3514 876
3 209
3 425
3 998
3 457
2 28 223 8965 -6889
1 835 900 270015004 493821049
1 526 644 642759983 822795083
3 417
3 328
2 322 456 3021 -5205
2 108 772 9262 5769
3 71
3 889
2 25 25 160 -9725
2 35 166 -758 -5840
3 578
1 274 860 -624849562 -848924462
3 895
3 513
2 509 781 -740 -606
3 927
3 464
1 172 313 -126872834 -305409527
1 465 601 100146791 -443978806
2 225 373 5393 5583
3 185
3 256
2 228 501 3471 6632
2 11 84 -1841 -8990
2 277 975 -6493 7813
3 333
1 28 295 -689509929 -610241160
1 369 444 -282389782 769552027
3 403
3 337
2 231 354 -8697 8985
2 113 387 7074 7748
1 28 50 -989682878 829843862
2 71 456 -6734 -223
3 459
2 1 10 4820 -7964
1 84 223 -232760512 -837588594
1 83 297 -191844421 278171859
2 206 296 -6452 -3090
3 826
2 147 550 1487 8691
2 220 266 9873 -4133
3 944
2 336 655 -2091 8542
3 316
2 105 232 715 6442
3 363
3 724
3 63
2 134 305 9345 -7208
1 250 760 -130951737 -908203016
1 61 882 -570256685 344247535
3 577
1 171 663 113257566 563203893
3 634
3 147
1 35 63 -999751381 252571476
1 24 924 687313115 268619067
2 49 228 6709 -2789
1 460 592 -642318229 221267478
1 89 348 290646880 -337527410
1 60 126 74228459 -555376188
3 455
2 451 579 3703 6348
3 496
3 769
2 126 396 -5998 9606
1 707 946 8649825 -432812224
2 53 173 4901 -1885
1 14 27 -597757326 -892334161
1 355 482 -760069686 -789209094
1 656 664 -464923032 244828831
3 262
3 974
3 185
3 562
