1
1000
579
25 122
918 844
42 691
663 415
262 212
655 258
856 53
251 329
785 16
155 86
226 203
487 598
598 100
410 531
441 57
462 465
530 379
661 571
69 323
337 682
534 343
939 742
748 190
70 532
557 224
617 782
426 455
379 376
555 141
258 995
197 719
811 726
449 471
649 517
793 337
550 327
680 840
68 779
29 489
310 938
712 278
719 489
732 450
216 638
590 473
632 138
191 795
215 991
265 215
507 58
552 408
736 583
248 155
361 628
643 670
565 354
299 636
194 382
85 410
20 26
234 3
515 777
797 729
767 62
944 626
471 847
33 206
429 280
360 789
908 2
810 824
707 108
459 252
489 895
661 860
272 895
863 786
671 659
867 437
720 810
62 542
8 447
747 436
78 106
576 337
459 737
161 517
196 619
769 36
514 781
896 785
675 758
923 697
768 789
486 840
950 899
381 957
345 128
744 423
585 671
111 44
407 271
912 602
890 680
989 755
813 884
891 839
641 165
536 761
953 373
600 902
623 980
210 968
107 305
742 44
975 852
439 733
475 350
686 716
382 675
470 194
558 712
32 551
877 919
311 181
291 910
435 914
241 644
233 700
301 326
743 275
529 181
360 3
530 45
718 263
719 539
456 629
603 488
531 479
406 841
659 49
102 445
314 694
89 546
393 741
871 135
367 751
315 726
754 197
771 823
459 841
362 267
469 964
754 999
794 511
191 804
911 644
249 224
338 689
121 730
429 343
865 795
94 531
521 199
79 643
21 538
483 382
804 304
697 909
654 490
771 197
646 34
840 894
609 529
582 730
611 10
72 827
156 517
357 676
715 436
670 736
325 153
469 480
808 518
740 461
359 510
9 4
895 201
897 504
729 830
233 339
191 656
165 347
173 874
374 887
661 44
974 337
548 443
816 355
312 555
167 670
416 176
674 311
376 570
166 456
752 750
147 942
405 663
288 929
536 662
168 548
705 141
884 252
935 699
958 246
605 124
916 373
651 941
35 26
862 200
834 613
949 980
555 705
642 194
986 530
855 153
429 911
645 313
514 932
363 471
177 320
947 444
692 597
384 726
623 598
925 808
210 225
787 116
281 780
310 266
309 164
418 90
427 415
402 940
346 116
763 874
435 709
318 126
305 53
203 279
650 479
86 212
703 224
327 336
4 636
601 664
152 371
753 578
785 506
869 130
622 631
3 408
339 672
534 644
77 88
922 726
567 360
289 621
583 616
956 586
603 557
602 754
927 354
683 63
212 552
192 833
182 546
240 521
218 125
516 294
213 789
371 779
148 660
399 83
627 707
20 229
263 621
335 541
327 17
955 538
568 146
722 102
691 313
622 260
438 489
905 2
277 276
132 777
287 882
859 913
588 878
493 202
851 179
94 177
548 48
66 115
545 787
568 588
451 189
847 240
677 752
241 306
379 724
82 665
606 940
929 545
169 773
99 19
952 192
195 499
592 612
965 136
398 533
75 201
73 922
440 102
25 681
407 403
756 488
419 361
779 347
258 947
471 356
318 422
899 864
272 842
476 589
978 225
473 52
425 545
325 865
998 701
897 404
455 652
243 873
365 373
571 622
672 42
329 989
815 227
852 439
69 327
27 398
552 851
801 328
395 478
192 745
178 88
500 985
740 743
857 104
467 780
77 138
173 405
126 987
983 978
777 403
304 155
152 207
5 305
535 752
782 78
496 311
166 995
295 257
89 504
712 556
283 788
693 455
544 171
793 526
148 570
281 803
724 432
362 81
736 896
832 869
325 679
180 490
25 826
98 466
329 809
373 611
948 65
417 491
587 210
369 734
779 649
889 854
80 250
286 168
497 469
36 821
147 567
663 524
393 760
989 721
921 361
684 868
777 100
711 364
309 79
449 439
727 337
645 158
938 930
325 434
399 713
607 897
631 269
772 23
380 112
96 652
824 131
872 601
230 582
316 891
660 116
681 738
805 325
895 742
607 572
176 357
284 134
605 914
754 729
289 133
840 736
137 664
866 8
616 447
941 283
337 600
398 370
337 202
46 583
944 652
154 471
360 437
956 317
703 709
45 991
841 884
726 329
899 943
336 514
389 628
796 78
227 546
447 915
99 492
498 394
496 651
216 207
440 171
523 142
879 567
484 72
803 561
400 701
503 88
215 243
715 362
320 294
259 118
208 358
962 57
751 457
60 967
15 499
137 538
992 16
104 475
87 906
387 838
607 241
925 173
483 640
886 803
933 145
272 492
854 233
549 604
41 608
922 56
458 59
593 449
426 48
275 864
306 13
53 264
253 978
788 735
969 673
889 253
169 161
96 22
745 996
978 786
955 251
193 412
661 137
536 838
301 841
850 354
456 102
683 243
189 651
268 429
255 788
941 350
162 686
346 139
823 300
741 367
64 402
503 275
487 38
113 140
231 314
493 686
416 527
281 956
529 548
384 783
335 325
484 496
362 829
986 184
481 727
550 896
128 404
170 966
441 634
457 671
948 301
709 715
827 989
670 355
536 405
137 222
729 973
70 90
801 407
625 633
485 174
528 964
577 50
930 370
35 738
392 982
39 100
48 865
440 69
572 327
474 60
549 202
32 970
644 185
376 268
817 861
794 697
824 722
98 105
443 132
843 835
114 881
286 513
97 726
