1218 5582
7
7
10
1
1
5
3
7
6
7
2
6
3
7
1
6
6
4
10
1
1
5
5
7
10
9
10
8
3
9
9
1
5
10
1
7
7
3
4
4
1
5
9
4
3
2
1
1
7
1
3
7
7
9
3
6
9
5
5
1
3
6
1
8
5
3
6
1
7
9
5
8
6
5
3
10
8
3
2
6
5
7
3
3
5
7
1
4
1
5
6
4
10
7
3
7
1
8
7
8
9
3
7
6
10
9
7
9
3
9
5
8
5
9
2
1
7
2
4
8
7
2
3
6
8
7
2
10
6
1
7
4
5
5
1
6
5
8
5
8
8
9
7
4
9
8
4
5
10
10
2
8
1
6
5
10
2
7
9
10
9
8
3
5
2
6
1
7
3
7
6
10
7
2
3
5
9
8
9
10
7
3
7
7
10
2
6
4
10
7
3
10
4
7
4
5
2
6
3
6
2
8
5
10
9
9
4
10
7
5
9
5
7
6
4
8
9
1
1
8
7
3
7
10
2
2
7
3
8
9
9
1
9
5
1
9
6
4
8
4
8
9
8
6
4
1
4
4
2
6
1
8
9
9
10
2
10
6
4
7
6
4
8
4
9
10
3
6
5
2
9
3
10
6
10
5
9
5
8
10
1
10
9
1
8
8
2
8
5
7
6
1
1
5
6
1
4
10
6
9
4
6
3
3
1
4
10
9
9
7
10
1
7
9
1
4
6
4
3
3
10
9
5
2
3
10
4
7
2
1
5
5
6
9
9
7
2
8
7
10
7
7
2
5
7
4
10
2
7
3
6
9
1
10
2
3
2
6
1
3
6
7
9
2
5
9
10
7
9
8
8
5
4
10
9
2
3
8
6
2
2
1
2
2
1
3
7
2
10
7
4
8
4
4
1
10
2
10
6
2
9
6
6
5
5
6
6
9
6
1
2
7
2
3
1
2
8
7
3
9
5
8
6
10
3
6
10
6
7
7
8
6
2
5
10
6
1
5
7
6
6
8
4
9
3
4
10
2
2
4
10
7
3
6
8
5
3
7
2
2
4
9
7
5
4
8
3
6
4
1
3
1
8
6
9
2
2
10
3
3
3
3
1
7
10
9
1
4
7
5
5
10
3
3
7
8
10
1
3
6
1
5
6
10
3
5
2
4
4
4
8
9
8
9
5
7
9
8
3
5
2
7
5
6
10
3
4
1
3
6
6
5
3
4
4
5
8
5
10
3
1
7
3
8
7
10
7
5
9
9
10
10
7
4
5
6
8
10
9
10
8
6
4
2
9
9
6
8
6
7
1
6
3
5
5
10
4
3
4
2
1
5
3
8
8
10
5
5
9
3
6
8
9
1
9
9
10
6
7
5
2
9
2
7
3
6
8
9
9
3
2
1
8
7
10
7
6
5
2
6
9
9
4
9
2
2
8
1
10
4
7
1
4
10
7
6
5
4
6
5
7
10
8
4
6
7
10
1
3
3
8
4
4
3
2
5
7
1
7
6
6
5
6
9
4
5
7
10
8
4
7
6
3
4
1
8
2
3
10
5
7
8
10
2
10
3
8
6
4
6
1
1
10
9
2
5
3
10
7
2
3
3
10
6
8
10
3
9
4
5
5
3
2
4
4
3
7
2
9
2
7
1
4
9
9
7
3
3
6
9
5
9
3
4
6
10
5
10
1
1
4
7
3
5
3
8
8
1
9
8
4
8
10
7
8
1
4
2
3
1
3
9
9
5
2
6
7
9
6
9
9
9
7
1
4
9
8
3
9
9
2
4
8
3
1
7
3
6
8
6
6
2
6
7
9
8
2
5
8
7
5
6
8
1
6
1
2
5
5
2
5
8
6
2
10
8
8
3
3
8
10
10
9
5
8
7
4
10
3
1
8
9
6
5
2
3
7
3
8
3
6
4
10
3
6
10
10
5
4
4
4
3
6
5
9
3
1
3
4
6
3
4
4
1
10
7
3
9
1
2
1
7
8
3
9
5
2
1
1
7
4
5
9
9
9
9
4
1
1
7
6
6
10
2
8
10
8
2
10
9
6
10
5
3
2
5
7
5
5
7
1
1
1
1
1
1
2
4
2
2
3
9
9
2
10
6
3
8
10
2
8
5
4
2
7
7
8
5
2
5
1
4
7
4
7
7
4
8
3
7
1
5
6
10
8
7
7
3
4
6
6
1
10
9
4
8
6
4
2
9
10
5
4
6
8
10
2
3
9
6
2
10
10
9
1
10
5
7
2
1
5
7
1
6
8
7
6
5
2
7
3
1
3
8
6
2
8
9
7
6
5
8
5
6
8
7
5
2
4
6
2
10
5
5
5
2
3
10
6
4
9
10
4
1
7
9
5
6
9
1
2
3
10
8
9
7
5
3
8
10
1
2
9
5
6
5
8
8
7
5
1
7
4
6
9
10
6
3
8
4
3
9
7
4
8
7
10
4
1
10
5
3
1
5
9
6
10
6
5
8
10
7
4
3
2
2
5
7
7
4
10
1
2
8
5
1
6
4
5
9
3
9
1
5
6
10
10
5
7
6
4
7
2
7
1
3
10
7
9
6
10
1
7
3
10
1
6
6
6
10
6
1
10
6
5
5
7
7
1
4
2
4
10
4
2
2
6
4
9
7
9
10
9
7
5
8
9
10
5
5
9
10
5
10
8
1
7
4
7
9
7
9
5
8
2
8
10
9
1
10
5
10
1
3
6
5
3
5
4
7
1
4
9
7
6
6
7
4
9
6
2
8
4
8
5
7
6
6
35 517
393 737
152 183
13 360
32 104
3 3
294 411
820 949
554 1009
261 342
861 1081
99 858
108 275
196 582
58 851
37 1059
332 421
20 49
80 139
198 569
107 314
626 749
28 451
29 186
128 239
544 968
489 682
115 270
213 606
572 770
306 460
247 719
84 135
667 762
36 289
406 847
207 849
17 273
774 1188
309 654
39 98
585 642
363 1176
327 849
379 875
1038 1132
1053 1176
104 109
75 347
256 697
478 1149
301 350
977 1033
527 1192
108 193
87 159
1110 1196
89 183
413 824
372 829
420 545
454 762
209 323
426 759
165 688
56 418
400 727
500 511
125 337
409 492
11 225
437 1151
263 397
42 469
192 259
613 647
108 988
134 252
133 174
485 926
29 195
3 593
181 1058
16 577
606 700
85 1036
338 665
65 75
3 30
21 176
50 788
2 39
39 126
615 648
129 249
252 273
41 646
231 644
173 1081
1109 1158
675 1069
85 269
334 891
223 523
762 1051
70 157
279 634
17 125
498 651
102 171
97 242
519 622
125 422
264 652
39 215
383 1012
228 348
241 912
80 736
398 1107
961 1080
120 137
219 405
248 367
138 147
4 16
5 93
364 389
904 1016
420 1130
137 412
242 408
641 1151
454 1112
202 483
136 184
32 158
740 1170
273 747
683 731
817 1020
153 229
272 497
530 574
279 604
119 637
307 355
539 722
4 93
68 69
474 728
1039 1084
179 904
334 395
13 300
101 438
238 985
17 161
390 396
677 889
306 332
62 962
121 300
252 253
43 194
695 1133
374 904
291 754
455 981
22 134
2 2
320 329
409 517
189 530
460 502
187 859
731 839
188 632
171 181
342 478
160 484
216 408
180 337
679 1090
22 38
19 161
665 1075
93 140
81 91
8 67
538 1034
81 538
218 807
407 740
567 1167
180 474
574 722
377 767
907 990
41 105
947 976
10 15
546 1085
59 152
985 988
865 880
103 258
8 405
137 316
590 1165
75 423
863 1027
230 415
7 99
277 328
151 162
408 800
224 1082
543 661
91 1121
213 399
18 180
460 1147
320 834
712 1009
861 1005
99 147
211 471
107 336
519 914
191 938
829 913
102 364
118 298
487 1123
52 401
228 1148
64 73
134 278
584 599
393 799
408 447
126 145
429 454
329 434
277 1143
231 337
383 837
569 727
641 837
245 282
1 48
475 931
210 234
137 139
319 390
34 164
630 829
335 866
409 954
207 545
538 565
95 830
798 861
208 431
58 83
388 664
442 1088
146 415
403 698
949 1100
289 603
253 1036
193 518
420 609
456 930
238 246
94 97
313 791
193 360
162 218
614 880
350 903
148 537
349 1017
51 983
21 50
137 222
335 912
448 550
73 106
294 569
539 868
6 207
511 570
547 774
151 288
591 782
29 297
165 237
108 282
64 272
591 700
181 364
103 180
314 1027
193 287
265 636
86 156
857 874
422 522
364 625
919 1196
315 782
71 455
323 701
119 133
9 15
229 247
390 505
81 239
457 877
630 1188
655 794
80 83
740 1181
587 1044
244 362
416 775
273 410
184 222
321 1079
793 1196
1 301
159 253
304 816
2 232
129 131
714 933
193 491
205 320
440 734
634 1039
156 447
79 133
802 938
357 1079
871 874
271 673
20 63
93 927
636 696
420 632
28 306
479 697
277 309
34 196
196 276
874 1084
565 777
201 525
141 352
119 242
70 223
115 129
441 1119
405 443
102 108
219 370
270 367
22 156
261 1196
344 665
277 532
263 1140
294 694
468 919
845 997
35 166
98 136
346 618
94 462
659 797
726 915
899 1147
46 128
391 904
145 766
271 358
1134 1213
391 501
12 1057
548 847
291 475
414 1001
249 253
722 811
234 241
1 396
112 669
24 332
36 905
434 1066
125 699
249 530
485 816
99 329
29 179
215 436
4 82
206 210
38 784
2 161
199 523
10 75
922 1211
315 1100
69 754
33 296
67 266
21 41
730 969
206 848
462 657
572 748
438 448
3 19
925 1091
710 1203
41 1066
168 699
124 796
479 1068
591 641
464 1063
794 1136
46 48
391 420
835 981
37 73
164 762
173 582
778 865
43 73
290 1015
12 21
36 92
110 189
39 260
51 86
535 848
109 156
871 1055
217 737
464 765
433 441
140 276
125 203
213 424
424 936
442 527
53 880
714 719
413 726
239 844
8 197
344 1146
11 149
3 40
7 1078
353 641
59 61
87 270
869 1004
336 869
878 912
371 625
490 1128
425 589
139 218
121 559
658 687
55 1097
308 747
421 834
797 888
331 1073
175 1173
272 324
317 817
169 627
144 650
25 31
429 491
12 141
349 834
54 235
223 299
145 251
113 362
352 599
121 289
67 93
202 577
191 314
41 723
20 1016
163 1140
64 1044
244 614
63 67
899 996
156 1028
374 745
11 69
2 93
69 85
50 68
630 789
44 760
1068 1150
693 990
405 749
806 1107
194 436
155 705
566 1062
10 82
548 724
4 46
614 880
438 572
189 684
96 255
366 396
467 469
351 391
141 222
82 265
251 826
478 778
53 482
812 1126
25 606
305 337
158 370
213 954
45 76
526 528
795 1004
43 292
106 364
416 661
803 935
468 860
736 905
585 1186
263 320
677 898
4 671
354 524
93 346
851 1094
131 844
317 1082
183 606
928 1049
706 1169
185 335
316 696
376 540
426 893
218 716
589 713
193 1084
250 577
260 484
452 814
333 622
515 1094
136 181
670 972
227 231
5 834
895 920
1039 1039
516 859
6 28
150 872
259 917
9 19
136 240
57 476
479 1027
410 605
307 529
205 331
956 1128
102 151
18 406
2 2
173 591
20 52
109 164
260 305
803 940
227 634
716 991
151 1179
292 987
98 649
234 297
632 745
332 821
1038 1116
710 1079
83 566
278 1091
16 16
778 820
82 229
606 809
380 501
249 918
72 327
57 139
67 96
228 1069
741 973
133 849
257 844
540 1101
96 107
536 1140
81 122
492 607
182 229
176 325
250 943
16 303
279 1041
714 1027
581 1041
284 1090
265 495
315 613
139 376
632 643
186 415
372 769
135 418
1160 1217
469 520
132 322
168 512
102 461
9 12
270 584
40 259
480 629
108 288
47 1205
39 684
41 258
28 306
285 748
129 296
37 482
1 17
4 7
317 540
209 1028
239 902
324 384
824 1013
859 861
409 1202
701 1076
246 589
1016 1045
197 254
690 730
197 269
55 312
635 961
839 979
813 951
210 998
52 129
423 907
46 123
98 171
20 509
10 53
179 309
157 938
305 619
45 60
669 773
9 286
809 855
539 1128
909 1000
95 334
4 18
140 1218
147 903
265 578
210 530
339 404
373 508
8 349
856 904
381 1127
448 944
1103 1139
374 572
27 114
783 903
276 595
564 635
2 7
752 930
214 843
1139 1213
3 27
193 317
185 743
87 1114
563 625
12 125
243 367
82 707
47 162
851 1093
261 424
238 298
544 1159
592 1014
4 416
401 977
241 624
104 1149
244 408
416 1131
641 831
482 857
917 1064
727 792
913 1067
177 929
33 123
31 702
48 183
594 1178
461 784
22 154
514 1177
241 503
9 241
59 513
424 949
44 165
336 662
182 967
491 569
575 948
608 851
884 1086
187 207
225 579
788 929
77 127
45 981
180 202
42 158
5 23
627 1196
353 848
212 256
100 263
142 387
181 463
214 754
632 1052
187 322
879 897
80 92
213 1086
137 601
160 190
414 1114
719 978
112 730
209 678
35 317
115 756
894 1097
278 888
482 495
31 539
22 247
911 1015
14 22
533 691
730 1116
13 494
37 39
880 1049
734 1026
621 866
136 395
733 1159
293 569
471 1070
388 497
705 1159
199 939
171 195
31 784
155 530
105 712
597 639
142 223
471 631
10 91
116 487
729 1013
931 1090
93 203
319 539
176 445
444 555
6 382
59 73
734 748
508 794
477 738
78 105
1054 1182
476 1156
209 1179
339 871
155 1183
277 283
236 632
612 1197
35 415
17 189
283 396
35 909
699 1194
468 499
1191 1197
112 620
72 286
28 161
75 95
125 333
516 722
66 391
282 551
261 324
894 1068
443 874
167 1104
85 502
77 163
449 739
544 717
32 248
158 1030
32 196
367 387
19 131
25 92
112 522
664 890
709 720
51 471
228 1149
609 1105
515 549
278 546
132 355
344 542
95 1212
73 124
42 424
1 883
360 732
677 1075
476 729
990 1046
383 432
398 771
259 821
313 960
916 1038
378 386
437 497
644 1108
206 227
460 845
269 688
1069 1204
464 597
225 236
334 753
329 503
305 527
167 494
528 877
242 446
45 854
171 1202
265 872
244 788
640 1103
398 696
37 37
711 939
818 855
765 905
173 350
389 521
18 575
22 119
259 363
20 43
419 509
192 296
26 64
60 373
554 611
197 686
344 698
15 227
584 693
844 889
414 434
755 1032
157 319
315 356
314 828
421 845
124 590
554 611
147 285
517 767
546 1000
167 656
440 971
139 978
383 1128
341 600
616 1172
170 465
342 512
572 1119
51 166
239 571
1071 1164
116 355
47 60
55 74
29 302
478 485
506 725
26 664
4 7
44 91
218 625
26 397
187 489
270 370
110 321
219 356
138 183
419 663
228 779
59 83
525 578
45 82
703 1143
49 884
816 956
40 56
576 643
568 611
732 1081
34 732
401 1034
516 616
312 910
64 406
282 961
342 498
115 168
495 570
145 437
91 189
70 323
83 702
297 863
487 1043
9 23
676 908
557 756
2 2
503 530
285 1083
1036 1060
135 924
23 54
119 267
392 676
145 831
208 866
378 911
22 574
160 182
20 239
113 600
221 342
120 390
62 1173
191 257
112 948
383 1188
390 403
189 439
541 1024
195 1190
31 697
26 128
147 566
564 980
177 346
374 912
14 75
589 673
19 503
136 156
622 1057
37 180
617 693
402 432
586 1001
65 116
85 234
404 863
836 884
555 716
60 98
430 864
78 658
266 366
135 361
48 173
593 811
272 605
42 85
594 1115
145 387
356 512
516 587
224 532
457 1111
408 429
351 771
471 493
430 724
160 318
352 492
52 64
540 1008
636 701
367 651
114 1125
776 776
22 605
946 1071
21 396
136 280
54 66
11 11
17 41
166 363
215 599
222 1014
39 51
135 443
18 1009
28 131
10 27
263 446
157 1215
372 881
130 208
329 329
363 991
186 830
923 1073
439 503
98 1159
12 395
167 215
731 908
465 879
21 33
592 891
162 649
28 775
118 393
250 253
38 202
107 175
146 337
37 118
30 814
79 85
125 214
450 994
43 801
446 1107
190 672
22 92
356 781
481 579
945 961
512 1174
971 1189
613 1140
134 325
370 1145
33 262
49 76
716 807
371 544
817 836
107 169
156 326
117 557
230 239
147 174
672 914
20 90
56 425
1057 1190
151 215
671 835
293 407
691 1117
199 1093
306 550
681 1206
108 113
75 92
311 366
27 751
617 643
528 1001
53 278
796 1075
862 956
348 480
679 713
210 595
1000 1213
182 333
27 127
86 377
92 799
990 1073
517 964
282 651
56 165
97 235
711 806
611 1190
91 328
157 228
76 450
410 931
156 405
865 1155
361 531
384 1101
877 946
36 222
452 839
132 194
165 419
284 560
169 850
386 880
28 95
194 280
1042 1209
515 1154
75 203
26 39
113 184
364 1009
739 1207
500 935
860 1216
213 778
57 669
426 588
683 981
193 425
220 470
124 567
220 862
462 1020
104 540
749 910
374 1144
40 966
101 1043
892 907
266 591
218 405
157 917
401 507
8 355
781 868
216 749
22 398
579 883
416 569
96 205
211 1093
22 73
21 210
50 304
1 51
281 696
49 49
508 561
145 186
36 599
705 853
7 216
77 686
558 564
250 250
19 461
9 12
244 1130
383 762
436 451
120 222
49 215
124 653
181 1156
191 803
531 839
54 665
783 802
674 935
176 500
7 28
152 256
238 607
141 427
366 547
8 76
866 1137
347 1204
1 12
124 191
425 625
6 365
768 1032
354 536
105 426
901 1045
833 943
281 659
381 414
651 813
3 23
573 676
92 125
2 512
714 749
10 64
178 845
77 559
456 874
252 519
62 1076
47 866
75 427
229 246
6 504
17 748
683 1060
281 633
122 1031
280 434
729 960
988 1049
15 38
151 358
162 264
617 1158
1 3
8 35
37 59
94 218
235 452
5 36
3 118
372 424
749 760
150 823
37 467
8 201
413 1207
331 529
36 381
426 705
156 221
239 979
621 1185
166 1172
32 56
117 876
811 824
17 435
495 1104
44 1198
228 858
36 1188
394 903
43 46
846 1132
40 614
246 436
162 578
574 849
621 985
78 687
83 191
499 889
64 822
547 664
195 239
265 980
480 1148
281 707
431 1061
796 1056
774 920
697 1162
664 675
114 976
206 644
4 31
341 901
195 407
240 640
9 87
309 320
3 35
33 1010
492 556
142 308
205 422
545 833
237 620
59 270
54 1062
841 987
717 862
286 793
93 121
80 1120
198 207
333 388
215 802
1045 1147
83 145
793 865
258 577
4 44
685 933
223 520
290 340
511 817
20 71
20 33
86 937
489 564
399 652
260 331
235 244
409 707
277 661
886 1119
575 997
31 162
353 422
34 601
31 83
811 910
790 922
274 509
119 155
364 731
788 1137
296 1208
170 268
331 715
139 162
846 1112
691 724
542 1148
679 901
179 1021
56 895
37 249
316 934
146 186
734 778
308 842
343 1090
505 1024
104 806
175 1066
218 249
12 20
511 1179
43 179
65 646
870 958
410 1025
986 1086
777 912
27 775
57 82
219 280
76 343
105 258
396 937
850 1063
9 12
46 52
885 1032
316 1165
201 377
35 946
1 7
30 36
850 1031
228 336
119 157
47 179
824 866
505 595
296 706
759 882
235 304
277 855
16 111
588 741
573 819
1137 1168
77 229
189 690
63 796
395 433
569 588
139 564
439 1212
129 984
519 546
87 198
368 527
21 1131
651 966
384 405
60 234
100 339
48 339
7 835
828 835
670 1199
536 825
98 604
109 485
182 298
127 129
52 826
568 826
91 573
491 670
35 88
46 112
81 479
281 402
231 698
118 309
435 554
5 5
557 1064
355 640
167 632
825 970
281 538
70 256
1 98
561 868
318 775
507 943
90 543
235 295
27 476
501 701
739 849
785 1135
264 473
138 1169
228 438
363 456
31 610
612 1032
93 417
707 1058
672 774
98 174
514 1074
17 120
128 185
449 474
652 804
435 841
9 60
45 109
30 824
89 420
35 56
244 1088
704 1080
318 777
541 823
548 898
446 531
41 123
872 951
885 1028
882 1152
623 760
219 554
250 821
206 214
366 539
578 587
5 21
9 284
98 196
721 860
333 732
6 6
1 1
166 397
222 607
15 791
430 654
671 1182
36 616
335 610
437 779
83 511
488 591
704 710
799 847
281 827
149 689
52 327
464 736
451 831
96 333
159 438
758 861
38 191
590 744
172 361
153 778
204 217
308 612
870 1102
14 58
545 932
467 489
333 716
19 43
138 296
1003 1063
280 310
68 82
965 1130
91 247
224 243
205 256
213 288
155 332
33 54
845 1046
57 415
23 139
301 488
138 406
280 722
687 796
830 1121
204 312
11 816
392 417
498 696
403 464
305 320
92 101
238 297
132 638
482 576
144 623
3 1123
390 1126
26 60
309 605
422 528
59 108
440 588
688 1182
57 1196
433 1214
91 169
16 1002
32 356
309 1177
88 145
857 942
358 557
451 1007
289 334
836 909
86 422
90 1152
136 322
87 189
448 490
582 927
561 612
18 72
48 80
786 846
891 942
562 605
265 532
5 9
128 1117
738 840
72 881
150 609
776 837
72 614
22 95
404 1098
75 1199
528 787
203 312
166 615
97 263
154 647
358 725
165 773
358 687
18 223
68 115
306 499
102 576
5 7
204 382
47 323
117 169
529 753
266 638
620 847
124 150
429 642
28 45
129 611
316 755
13 27
133 446
641 934
637 751
486 638
952 1158
332 608
289 1183
587 753
137 291
307 450
228 1155
299 429
265 400
433 877
609 820
45 1137
15 376
143 181
82 740
55 153
615 725
534 952
563 1068
232 239
110 148
426 912
462 892
125 230
254 275
107 175
37 790
93 254
390 945
93 186
83 365
18 93
37 46
399 892
450 645
335 367
64 932
549 1041
52 348
712 844
835 1157
393 663
29 59
503 1007
364 463
128 417
452 644
153 863
123 668
522 916
601 615
332 1217
111 290
938 1099
929 1090
112 206
536 690
435 869
679 897
573 699
546 963
496 1133
209 904
330 357
55 261
25 778
160 284
139 151
353 596
141 323
118 921
439 608
183 509
7 88
928 1081
324 493
407 1015
54 493
129 132
33 167
482 903
136 215
203 668
167 1039
157 395
622 844
668 837
362 822
43 657
196 480
686 975
381 458
51 493
130 584
57 581
47 1182
332 476
224 731
250 542
73 135
241 861
80 147
18 159
649 772
700 1157
49 282
12 120
303 631
409 637
11 350
735 746
111 596
332 656
138 259
232 825
7 194
209 485
783 1112
389 422
226 571
473 1030
213 220
4 540
73 1041
178 846
282 289
270 650
365 707
39 105
395 563
333 471
433 510
7 44
134 711
64 348
626 1157
645 1082
161 422
830 1008
115 692
103 581
9 121
831 977
30 430
697 905
659 1125
160 695
1 60
262 1151
2 152
46 1000
341 604
369 414
121 213
148 382
996 1170
443 998
192 253
69 179
811 951
57 621
14 189
210 387
689 1002
65 132
91 930
287 356
423 941
587 620
810 1139
80 119
10 25
363 442
927 985
161 1125
547 652
432 688
86 790
16 201
163 672
563 839
316 577
732 1030
905 912
386 732
542 545
284 1035
396 913
294 846
229 1045
107 511
194 226
110 265
1 168
539 702
29 77
122 170
393 465
121 233
201 743
61 103
607 762
658 804
360 509
44 249
53 130
521 812
885 1071
36 484
738 821
83 1024
297 456
120 498
184 287
210 357
137 476
161 1098
284 709
170 806
46 61
96 500
845 927
29 876
166 283
431 798
140 441
270 948
801 910
1029 1095
929 957
482 1007
279 857
109 730
105 682
276 512
422 485
35 45
169 219
913 972
92 176
328 718
120 269
9 791
355 673
53 104
589 899
925 1122
757 1110
882 1049
21 64
145 263
58 302
458 741
129 342
81 134
17 160
110 246
39 79
141 553
355 484
84 276
538 715
666 1032
1142 1144
57 127
318 318
113 537
643 863
28 252
597 719
528 668
13 18
232 253
512 896
787 1180
275 410
110 656
319 748
280 677
602 610
538 828
304 307
23 660
375 537
19 102
81 245
65 1081
188 629
496 690
17 34
777 798
113 1054
219 680
482 1035
66 370
36 56
146 467
83 291
473 478
803 986
976 1030
163 461
317 605
107 286
120 508
849 1059
306 928
207 487
538 591
104 694
1015 1060
283 1105
218 224
238 383
38 118
198 227
107 493
67 100
527 723
131 287
157 871
106 264
1051 1187
1013 1135
106 166
451 467
461 472
9 647
997 1028
341 343
273 292
62 188
129 369
594 829
174 673
43 216
55 190
175 1070
131 176
1020 1049
191 710
640 680
306 982
441 990
55 85
94 884
98 1181
168 274
82 307
215 370
96 112
299 417
2 12
410 626
52 368
552 694
617 1085
37 155
24 263
51 752
220 372
277 1054
375 437
823 832
85 158
696 835
359 734
96 737
196 632
55 933
184 931
921 1025
355 563
79 592
76 218
53 285
12 709
1015 1090
206 229
582 1001
124 851
89 655
317 981
1102 1112
126 482
6 507
9 181
652 1157
147 439
283 681
589 656
44 194
6 33
171 404
36 933
159 812
123 1134
1085 1097
377 587
297 403
96 763
356 377
117 170
775 966
44 845
298 545
148 341
505 759
152 1134
502 799
267 295
238 360
761 807
34 219
174 176
46 191
135 645
1008 1162
297 1048
236 702
43 285
50 70
420 931
32 112
377 1104
793 807
63 85
189 722
170 519
1 13
805 841
171 746
109 1102
346 361
432 546
256 553
28 38
245 403
228 397
814 1094
201 373
341 628
605 796
26 295
75 184
377 956
651 842
4 405
69 120
307 604
658 775
438 442
228 725
93 893
107 307
157 185
56 398
79 83
25 56
43 237
371 1181
99 212
680 788
109 644
162 329
443 519
86 133
43 862
351 753
567 760
167 418
649 851
315 1036
392 955
48 589
230 279
140 444
65 303
77 219
191 1086
142 1141
371 597
39 295
466 1077
827 1108
1 1
774 843
103 235
842 897
58 699
39 276
2 983
238 746
195 898
66 127
605 625
76 1152
433 601
233 409
122 222
118 192
378 936
186 186
495 641
9 89
68 462
192 212
14 30
4 791
986 1036
467 475
16 246
170 445
69 967
102 254
117 265
459 523
508 592
86 100
860 903
315 467
395 717
618 869
706 750
185 788
346 473
676 1008
939 949
419 512
77 202
466 832
218 323
188 780
842 1009
83 1094
1 15
574 1170
122 134
97 592
188 209
239 397
37 702
15 347
152 587
20 76
176 571
18 367
503 1208
180 921
762 974
226 804
83 251
8 667
466 688
138 215
176 698
181 525
407 964
572 778
31 677
141 233
529 707
54 201
386 693
181 641
752 864
93 218
100 260
174 447
31 38
429 792
362 386
193 916
83 83
61 628
90 276
35 67
192 407
17 460
48 336
311 495
26 606
13 43
577 709
506 760
295 430
64 263
240 929
1089 1112
545 766
154 883
221 329
122 971
46 163
603 1113
341 425
425 645
73 214
436 1009
252 290
537 616
43 163
429 481
1165 1169
810 1049
256 895
71 871
14 609
10 19
89 1000
37 51
249 468
189 350
461 495
407 551
325 1022
158 450
973 1158
1041 1056
38 86
675 939
129 546
134 264
156 162
287 706
95 361
112 315
215 564
529 622
241 970
639 790
222 235
476 904
55 1118
201 396
214 574
771 1131
497 873
832 1054
132 624
460 1142
315 577
744 925
10 17
48 95
294 614
176 707
13 19
164 1188
23 81
409 1121
299 647
642 721
288 322
273 448
342 377
990 1042
686 775
1203 1208
6 24
571 725
22 81
402 599
166 936
7 17
241 1098
530 618
27 65
307 1158
925 1007
122 279
899 924
1 67
628 1016
281 385
288 471
493 790
344 435
104 650
205 903
78 116
479 751
154 422
345 1018
310 316
1078 1080
17 85
229 1028
362 378
170 538
540 978
639 984
154 341
72 884
176 518
229 604
103 298
45 147
10 66
181 193
522 1083
240 254
816 1004
50 266
897 1055
8 39
103 759
341 477
184 336
82 1203
96 710
222 267
347 890
275 839
441 690
151 615
71 199
138 836
473 932
358 479
212 1018
144 695
535 654
170 771
59 261
206 624
222 291
576 1090
443 583
15 31
167 854
782 940
359 461
618 1202
18 772
28 55
43 93
171 243
194 1034
149 683
712 716
1062 1211
152 257
35 82
524 905
512 1059
110 922
231 706
63 285
8 670
165 265
637 740
59 588
11 217
707 944
173 479
61 100
242 561
144 501
162 1195
156 919
179 1059
263 762
620 1118
285 349
313 1215
129 242
777 1136
105 667
118 179
129 1198
541 1164
8 76
308 434
4 95
625 1094
177 392
501 583
13 595
45 95
824 1217
72 338
3 994
6 16
155 554
236 999
612 851
243 611
102 398
273 615
427 568
93 453
274 373
5 8
443 464
308 857
290 526
49 868
362 396
607 908
10 26
289 429
137 579
594 916
373 1197
142 416
504 968
330 618
904 1016
177 368
403 894
855 1055
111 148
652 667
80 702
13 606
314 1043
105 550
890 1187
353 493
510 891
246 658
576 889
12 42
709 849
38 60
263 415
473 890
326 933
50 54
657 693
71 90
691 807
97 199
691 1218
800 888
74 546
367 643
539 551
2 15
457 1093
959 1036
245 469
176 1183
18 1044
666 764
950 1009
85 314
1 605
114 154
16 1203
45 441
202 483
23 26
431 549
76 327
516 612
732 1044
344 850
41 44
937 1192
76 306
552 773
286 360
50 78
165 929
434 669
227 924
8 17
739 1131
65 102
32 1154
129 382
38 575
871 934
361 1019
538 539
672 836
540 1056
215 585
401 823
35 143
392 446
14 371
83 962
218 1027
270 687
622 724
999 1054
17 194
563 865
201 624
206 431
368 776
364 384
154 348
355 437
420 426
344 669
130 292
4 26
329 589
136 175
724 893
42 174
1042 1110
23 27
484 503
64 922
585 890
138 368
314 407
186 841
481 633
628 742
738 869
127 137
113 593
499 499
140 652
19 135
95 824
4 6
213 784
407 499
122 1180
92 806
354 617
223 313
706 886
53 69
127 935
144 941
503 848
65 575
5 6
602 991
1150 1202
19 50
869 871
499 501
197 362
137 147
685 849
110 290
539 627
347 1217
433 895
523 651
257 273
1029 1138
864 1214
28 55
807 853
238 1077
743 985
10 284
528 779
81 220
3 3
229 1090
856 1199
919 971
814 1141
229 513
505 907
188 640
13 289
406 1046
832 964
34 760
319 377
167 1024
71 587
175 512
529 866
136 165
195 419
816 834
321 817
411 703
708 892
142 355
288 983
141 218
89 200
170 406
547 968
295 679
410 734
411 1091
68 354
291 340
229 286
53 228
216 581
309 390
1 1
44 549
8 40
339 659
253 856
862 981
48 555
888 1108
40 412
494 782
52 131
197 818
55 356
88 467
518 756
16 138
650 713
95 686
83 399
173 1158
161 305
833 974
5 143
26 43
592 956
76 599
508 893
201 451
23 24
626 965
855 886
566 648
300 736
3 80
117 574
306 451
431 939
77 850
16 16
587 748
5 664
723 1171
583 658
338 367
250 433
380 574
37 329
277 480
318 451
233 261
379 744
995 1181
974 1082
443 492
725 818
1149 1181
472 647
27 600
324 484
993 1100
203 358
565 1016
47 790
790 1031
55 1168
173 325
759 949
26 104
29 47
94 1022
228 1113
48 74
89 1065
13 960
673 918
51 195
107 243
781 909
440 767
86 168
612 959
227 356
357 779
427 780
70 167
111 802
288 349
705 934
388 661
272 691
138 297
166 417
84 1209
247 520
679 1160
226 420
35 127
97 703
159 347
513 1010
759 1013
415 905
105 582
148 669
208 243
250 550
82 1192
183 193
12 187
492 886
175 512
880 1193
123 1027
375 824
5 55
631 833
112 322
180 323
65 88
334 1094
61 80
738 1201
329 339
20 515
183 1218
528 818
175 435
260 264
548 749
143 564
470 649
699 983
387 1030
65 822
23 25
341 560
404 1121
27 656
259 1049
282 765
98 300
657 674
13 270
166 1144
861 971
615 768
1120 1165
222 319
494 784
790 1206
14 784
17 26
165 204
899 927
172 799
174 196
463 1169
110 780
673 753
103 185
222 308
8 20
458 597
52 178
423 426
263 1136
697 878
44 843
712 790
216 229
171 305
194 415
132 407
760 807
507 1013
322 612
176 1057
253 522
237 1134
381 763
827 1029
29 830
496 954
111 717
33 119
1 8
379 483
49 844
435 731
733 995
240 536
659 959
94 132
95 1141
509 1126
176 886
11 312
491 572
733 1117
401 738
25 129
319 440
13 281
441 447
750 828
251 484
25 943
310 685
101 651
62 236
90 239
28 607
249 566
870 928
237 363
141 646
91 140
2 50
169 263
418 545
649 1051
5 183
255 365
173 798
393 587
179 686
23 49
144 488
147 366
12 25
525 976
82 167
95 703
318 648
705 877
972 1003
825 1167
402 433
1098 1165
179 275
8 158
95 471
68 148
389 986
230 269
231 355
25 628
335 1140
717 902
26 26
500 709
174 217
202 1161
1051 1136
750 826
395 588
36 266
36 137
430 964
3 39
27 27
171 205
299 913
699 767
882 1026
32 104
252 767
105 121
432 969
288 764
173 561
43 507
257 304
321 352
653 878
290 394
65 949
254 506
229 889
183 187
483 1011
84 160
172 776
104 382
66 649
139 215
361 391
119 983
381 477
518 1075
285 673
511 1206
1083 1180
1037 1212
625 879
32 495
172 636
53 178
48 48
780 1050
243 652
26 853
132 933
678 851
431 734
130 493
178 237
535 756
54 87
212 1049
323 930
156 583
21 92
137 1038
295 434
420 1167
1045 1081
16 23
103 200
5 1153
367 860
100 234
120 1073
1 76
207 521
314 1071
9 562
14 1076
61 309
46 72
146 546
326 775
500 821
6 151
253 784
777 1067
248 512
4 302
5 19
9 638
434 449
655 1102
36 38
187 944
481 636
691 1088
180 1035
240 703
157 555
50 604
100 938
171 544
247 866
980 1094
85 170
422 537
106 282
64 743
199 493
274 831
259 430
57 205
325 458
86 1048
318 708
862 1131
124 165
24 989
397 415
810 1028
484 490
213 316
15 45
22 37
133 639
151 614
236 516
369 428
439 507
476 933
803 1023
387 588
361 415
78 113
235 335
128 526
530 765
101 542
307 1013
38 128
197 227
296 782
429 507
290 829
381 414
906 1174
43 169
188 519
1 14
123 359
849 884
59 119
102 674
4 20
3 19
91 181
2 2
22 101
605 953
326 468
196 253
536 698
3 79
94 118
305 794
414 605
119 475
952 1054
261 330
103 895
186 334
208 926
216 985
463 1009
637 903
307 1199
517 847
490 856
270 841
234 1017
378 564
94 1206
165 240
110 247
67 1061
309 1084
855 1164
271 678
286 764
356 597
507 892
584 717
28 36
124 228
66 441
150 405
134 927
726 1155
11 380
163 684
169 272
100 565
141 287
397 1147
219 823
559 778
48 50
968 1183
740 961
34 75
603 715
5 135
92 1037
115 538
17 752
123 587
602 717
111 188
36 288
58 114
212 973
693 720
16 114
37 56
41 155
144 206
238 775
143 407
510 909
677 792
46 60
258 413
196 258
813 892
197 1048
52 768
286 678
83 772
44 233
633 979
78 1123
350 371
165 804
178 220
281 668
437 1102
61 118
319 450
681 1062
28 33
43 75
371 807
10 350
81 657
19 135
687 1135
21 715
487 883
1 11
74 959
1017 1061
281 518
10 87
803 833
11 37
857 1153
423 946
854 1029
171 214
152 658
39 1216
448 552
240 1027
925 1177
268 433
624 663
691 707
185 733
744 1095
158 1055
141 327
130 191
739 843
24 130
263 634
143 352
261 475
102 290
141 399
148 269
61 278
55 220
295 1059
319 725
77 247
370 1015
597 663
239 792
75 153
67 291
574 822
274 530
759 824
402 693
107 180
803 1167
530 1006
220 390
68 234
839 895
220 623
1 1
148 1009
670 686
447 661
885 1061
540 731
245 673
221 305
107 672
17 56
825 1108
963 1120
915 1021
285 506
810 947
209 502
121 309
84 686
243 401
11 917
583 723
368 948
296 1096
241 491
652 684
381 450
141 721
506 1017
181 818
138 333
298 380
36 274
29 1126
109 629
6 201
484 883
675 921
113 214
62 646
559 628
129 530
174 850
118 375
664 886
30 66
308 519
652 834
66 247
160 865
91 162
13 150
7 49
183 604
15 983
76 80
99 474
133 250
668 806
927 1084
510 764
239 639
234 543
201 1188
100 108
211 446
844 1178
8 261
61 614
336 436
889 1061
438 935
60 72
544 586
232 1087
400 464
358 383
727 862
269 469
521 661
313 778
844 1177
281 650
491 910
2 31
736 754
363 809
287 355
450 933
785 1037
469 506
43 215
96 498
357 926
278 1020
151 656
50 422
34 429
175 999
38 229
310 579
5 16
212 565
134 163
239 425
136 1080
352 429
17 931
155 265
475 1007
179 1171
905 1142
88 172
262 393
559 637
46 94
342 551
78 498
660 812
124 176
565 807
51 61
19 278
45 57
367 576
645 939
155 455
242 1068
89 161
538 909
892 1030
850 1127
57 59
576 591
11 14
1 1
313 969
373 1168
873 1217
882 902
703 1069
49 50
421 432
25 44
307 307
496 504
574 736
148 812
630 983
352 612
306 950
313 929
591 839
227 1061
728 1051
122 525
442 480
298 320
247 638
129 452
40 97
2 10
167 480
30 739
61 1005
264 520
238 1076
298 550
186 222
106 646
68 250
34 69
791 857
193 588
147 916
63 169
42 55
534 957
1010 1165
1071 1110
629 775
278 634
374 806
272 441
734 855
23 29
119 152
787 947
68 484
49 233
582 635
44 307
484 744
36 171
310 523
581 588
344 638
204 1043
144 301
21 34
475 631
143 155
260 325
240 739
199 530
46 104
33 485
93 635
84 455
481 866
431 1032
115 336
290 570
583 675
707 756
1023 1139
364 1103
969 1117
164 289
76 1183
488 887
113 764
360 478
130 328
11 1150
296 1189
206 542
240 361
112 631
901 1095
695 857
355 668
28 37
597 950
212 316
44 90
223 1148
51 136
598 1198
79 452
18 936
441 1039
465 893
53 484
38 164
317 971
308 488
33 543
386 1152
281 1180
65 301
55 233
492 904
221 802
97 111
61 1126
101 789
99 419
19 241
8 48
447 541
13 371
285 386
451 499
160 300
370 567
153 511
20 996
86 281
177 358
544 947
451 551
62 159
53 94
470 985
732 968
51 107
109 283
47 147
734 976
71 189
163 1212
52 237
1 8
493 683
7 22
334 796
31 41
412 489
314 466
449 608
755 895
469 501
161 320
857 906
23 40
452 567
56 907
83 137
35 434
203 394
76 177
311 1027
12 39
89 517
658 884
482 885
893 952
515 685
28 1145
268 295
116 414
91 165
232 779
204 1183
6 67
232 449
273 494
100 626
300 885
245 1202
142 162
11 58
430 1200
90 113
545 1114
31 39
46 548
546 743
13 836
213 268
56 178
112 259
86 252
117 151
362 974
55 634
1070 1167
13 143
139 215
124 169
761 993
321 917
330 909
202 762
43 96
49 542
201 1024
183 1110
49 632
100 141
92 508
451 635
122 247
6 718
9 145
908 1069
1 208
176 574
151 1208
512 589
59 94
258 689
734 1045
58 122
895 1121
1018 1177
68 1035
1146 1198
228 318
186 1023
315 864
11 547
34 422
3 82
151 185
593 993
149 914
320 342
114 157
89 146
416 724
431 801
816 862
947 1102
150 591
240 589
349 560
139 420
81 151
238 505
18 119
732 778
949 1074
70 720
211 530
67 403
235 1134
14 907
90 1096
559 904
224 643
195 1036
176 688
751 1131
554 738
56 120
1063 1194
287 1002
255 1130
4 9
186 481
735 807
676 727
4 120
393 399
4 20
264 410
576 1026
203 241
635 883
240 635
477 782
842 1013
204 607
177 181
339 478
18 139
37 170
781 894
89 417
26 260
148 1115
25 605
47 714
253 1140
490 771
335 495
19 114
1 12
274 327
30 283
450 1184
597 1036
111 234
47 589
319 785
157 366
97 465
351 717
239 763
423 670
72 141
133 814
36 401
6 89
61 130
171 312
262 1124
80 561
961 1006
878 1121
940 945
366 367
9 186
112 482
158 668
4 44
21 1097
3 176
199 795
25 1171
205 967
86 132
20 560
648 1177
386 788
16 33
47 295
998 1036
240 429
78 209
103 399
89 1017
127 388
166 888
540 570
1 1
50 52
27 138
390 1155
21 72
21 123
160 186
124 834
456 897
180 469
47 253
266 637
35 257
283 357
25 102
7 932
3 358
285 732
297 708
270 757
47 341
838 1214
17 244
320 861
1047 1204
98 142
34 91
338 454
225 916
174 439
73 851
68 68
278 1135
238 817
312 415
231 516
76 181
81 561
89 287
403 679
118 646
533 841
577 711
9 31
470 1218
8 208
363 621
73 1172
144 187
226 274
3 72
136 636
113 247
111 1008
127 347
556 1136
45 235
547 675
44 1000
171 302
78 123
38 797
15 1115
131 394
390 467
334 1182
94 570
86 955
337 909
48 463
48 160
63 142
229 252
163 288
159 470
33 145
12 211
247 448
685 804
61 521
599 622
540 755
172 198
2 954
126 350
5 91
334 1076
95 1069
1018 1214
83 473
629 1058
92 170
460 838
227 322
197 406
513 641
72 441
556 1165
181 1000
297 691
193 378
279 806
255 1179
375 509
107 1126
321 587
690 878
38 129
45 155
670 919
441 572
36 535
152 850
328 597
132 496
375 762
883 1182
538 1108
330 1170
991 1098
263 659
10 104
16 169
576 814
221 1013
1021 1216
378 1187
18 326
43 127
208 230
53 106
81 443
60 453
85 159
676 1061
466 595
559 835
597 818
20 43
8 440
41 41
15 370
66 83
619 992
4 565
773 997
41 274
642 1071
525 718
6 78
19 214
143 175
142 484
753 998
62 519
513 530
593 988
374 899
448 541
52 61
103 1006
239 1055
32 225
561 953
20 31
4 781
79 816
224 405
316 1061
1033 1106
171 570
4 33
364 429
318 357
271 550
781 1188
429 587
179 564
691 879
4 1032
20 275
198 267
322 497
245 286
337 856
251 865
353 755
826 1043
727 775
596 1099
733 763
299 442
120 1041
40 55
174 250
659 724
107 628
196 563
48 444
351 410
6 134
629 785
1031 1118
578 1018
598 956
878 945
1002 1080
141 797
91 121
232 717
583 885
694 1060
86 160
115 531
137 199
711 1181
1009 1161
3 167
38 470
676 847
667 1196
275 706
864 1072
611 907
37 249
69 510
531 958
474 540
536 921
501 1000
354 957
120 399
280 657
16 20
517 863
84 280
108 552
501 678
251 383
531 545
184 1102
275 877
206 352
1069 1073
197 215
111 121
127 598
146 1017
5 31
251 276
962 1015
336 680
69 655
287 753
121 837
355 616
70 80
5 510
182 638
12 651
135 165
411 805
61 237
85 1131
348 753
1 108
25 1075
562 1063
9 40
111 496
127 675
137 711
230 332
117 132
317 697
105 603
221 500
326 571
54 71
338 1169
854 1169
251 486
750 1176
434 484
559 1092
498 1206
204 1037
304 415
304 865
565 1119
93 276
100 1203
838 1189
218 459
233 318
412 1196
631 798
165 241
28 958
139 1084
75 816
112 492
398 550
196 783
114 399
118 704
276 465
413 563
309 358
607 642
68 377
129 1109
7 29
990 1042
1178 1186
261 930
371 926
284 364
10 56
676 785
370 943
33 242
793 1125
190 790
255 772
192 218
919 997
108 217
428 570
347 958
18 61
16 433
273 1037
314 358
76 890
188 659
184 360
642 1134
711 817
318 1027
25 31
582 631
221 300
73 999
59 167
203 520
217 520
158 327
510 696
222 377
196 774
75 94
633 883
140 513
561 1046
426 1183
254 513
470 1051
376 556
894 962
438 683
811 1115
153 329
241 322
314 1073
200 339
73 682
796 874
512 608
30 993
438 655
261 293
186 501
10 41
9 1123
413 892
41 379
40 571
303 1176
36 679
64 705
3 605
91 398
43 845
468 594
61 387
218 525
30 477
911 971
1035 1194
186 633
251 409
502 602
456 831
350 986
293 537
169 257
929 971
261 516
261 606
96 164
235 419
160 619
271 992
483 525
89 359
132 948
223 229
136 861
577 1057
93 133
54 213
577 796
145 156
67 727
205 482
158 700
329 858
814 908
289 637
30 547
354 485
167 711
290 773
87 720
92 94
264 266
209 354
565 602
182 268
182 217
101 114
504 596
456 1017
543 551
297 664
88 544
86 320
416 975
30 554
274 983
198 276
55 1118
687 1091
64 86
228 943
1020 1054
49 166
40 975
580 715
676 731
193 517
77 256
204 258
578 1043
219 653
560 572
291 837
243 505
402 1138
34 1180
1 5
622 865
121 227
309 466
18 42
25 48
199 366
182 343
403 646
283 547
313 1139
209 1008
159 371
292 745
63 163
61 265
89 668
52 504
413 1030
344 948
10 61
564 744
112 412
1062 1214
56 366
38 86
225 442
5 157
169 501
234 381
36 555
22 996
100 887
909 1064
35 364
574 884
57 902
299 1015
120 442
80 101
77 499
8 40
166 226
343 699
91 211
170 503
498 671
636 934
559 893
12 152
573 686
99 793
40 225
288 630
476 546
330 420
781 1081
691 932
578 987
5 94
269 439
33 909
712 1042
402 562
36 517
2 33
496 529
457 518
145 361
22 366
3 825
931 1063
294 358
42 1108
39 136
152 270
39 745
758 796
28 749
21 397
593 1018
49 196
84 201
21 195
504 643
67 580
118 293
16 50
123 1200
69 941
132 254
420 856
107 117
471 513
425 904
8 26
252 451
33 1198
453 1101
6 159
888 900
876 1105
61 109
726 956
73 207
134 372
315 836
155 571
439 774
581 932
843 1105
101 110
47 126
865 1153
376 429
464 698
527 1162
3 250
154 853
49 308
556 998
216 633
123 1020
675 681
14 182
8 148
425 465
471 571
375 512
406 930
499 1096
514 1049
43 107
11 39
87 566
473 1132
84 140
577 1125
66 696
241 682
667 1147
957 1111
2 33
64 97
6 81
330 431
18 382
889 1163
613 840
300 395
218 495
349 531
87 1019
549 741
874 1190
237 321
57 146
245 459
869 1007
648 888
524 528
7 159
271 693
200 346
26 252
480 666
458 1214
76 328
312 581
374 458
245 385
58 452
69 105
57 873
551 745
142 261
931 974
354 1130
213 688
299 1094
65 1162
527 798
19 685
959 1119
790 1140
22 598
40 84
705 1001
14 22
118 414
252 311
754 986
33 40
309 1012
74 101
275 779
365 375
156 315
268 431
1001 1105
317 573
290 824
425 648
963 1176
361 376
152 216
144 158
406 918
215 1046
17 38
122 545
382 471
318 1175
157 760
1086 1166
245 1071
197 244
177 455
361 397
85 341
493 1115
183 239
608 872
313 584
551 980
564 1125
53 219
9 173
104 110
835 894
170 691
821 1074
80 370
393 607
238 888
52 319
568 618
551 1171
473 827
80 83
822 1156
1 8
124 532
556 829
17 59
54 1195
154 364
307 466
160 308
374 447
846 1133
301 1093
21 436
421 1134
15 362
118 1131
242 320
85 788
90 100
204 606
8 16
843 1073
258 746
159 1111
505 506
194 1195
210 218
21 66
29 1062
306 1195
34 145
154 671
969 1027
209 429
765 969
218 397
408 729
118 144
434 903
86 256
154 707
838 942
239 250
229 691
896 987
138 464
18 722
446 875
210 487
218 603
19 66
166 169
297 364
31 164
54 681
253 404
593 818
135 207
894 1133
165 273
477 677
19 95
237 984
104 875
1019 1054
483 988
130 372
908 1027
33 582
548 949
345 558
75 379
137 427
192 337
207 429
64 523
353 459
24 67
386 533
530 809
94 314
405 767
657 681
69 201
587 713
82 254
110 232
160 374
122 1216
86 113
93 267
403 479
9 365
137 1115
240 433
78 379
47 396
65 212
639 668
46 69
366 676
485 546
1043 1120
613 678
500 743
199 491
402 539
342 847
438 461
184 749
539 562
307 587
104 1054
179 1148
304 490
791 996
50 651
636 1185
37 190
312 617
660 715
109 1054
344 1023
1061 1104
401 539
257 271
372 875
136 1006
266 769
64 326
21 46
29 319
157 426
179 196
39 43
367 660
553 866
832 958
81 290
209 214
421 591
574 877
139 289
5 70
597 712
127 210
612 663
150 234
450 979
329 816
29 188
421 726
29 31
311 836
3 421
30 97
230 481
146 371
18 584
699 939
558 1000
59 999
168 624
366 646
478 775
472 518
651 832
919 1129
622 821
1025 1183
636 743
197 1200
104 1199
607 939
407 1124
376 972
338 754
101 464
11 45
687 708
72 300
58 729
177 364
67 776
52 332
356 1208
423 1132
174 192
467 821
20 955
462 736
530 746
114 573
223 596
35 47
77 384
145 425
2 426
97 698
739 920
1 2
895 1051
498 1212
14 140
8 102
339 488
256 915
185 222
116 171
836 1051
13 17
169 730
266 275
40 176
245 251
489 1115
101 1118
259 498
5 84
147 1039
634 844
72 136
258 489
267 974
94 122
728 1208
75 1188
176 744
880 1153
97 496
374 963
292 768
151 286
723 921
944 1015
328 720
521 1214
95 1179
97 159
257 423
166 688
253 418
70 245
11 14
297 1029
11 530
969 1066
141 748
160 292
648 668
297 304
34 728
187 1189
1108 1115
13 736
67 575
544 897
937 1027
30 50
40 101
538 663
892 964
470 1041
432 809
22 57
257 367
574 758
267 825
242 1062
693 1188
87 1040
196 783
337 651
194 806
625 910
283 891
70 650
618 1196
24 242
585 917
126 157
464 824
73 273
259 755
17 99
691 860
212 382
718 804
80 128
676 845
303 412
18 505
118 266
39 647
186 215
119 971
202 576
141 398
654 1172
544 1130
226 990
187 304
110 309
48 465
547 613
520 588
702 774
889 1032
286 522
388 494
737 805
174 221
938 988
57 1176
876 1050
21 273
9 973
63 87
590 631
655 665
612 808
193 1214
48 74
38 349
408 435
367 444
30 37
3 515
194 396
9 27
142 673
42 161
609 874
379 656
334 964
241 643
17 302
19 29
69 614
63 83
89 333
291 349
61 304
328 507
141 448
17 39
286 831
298 495
67 611
1008 1104
65 200
89 188
53 115
8 155
847 925
821 1055
599 1094
387 574
771 1213
87 157
203 394
312 511
77 725
157 823
643 1103
586 805
174 351
365 916
108 156
180 306
184 420
526 1119
466 493
145 806
398 501
3 43
198 271
85 179
161 506
52 60
634 823
130 805
409 805
505 585
644 685
700 988
228 1198
200 346
372 641
61 72
928 1061
855 1148
794 833
462 1107
31 56
93 675
371 1145
410 999
358 1094
60 804
130 203
433 611
425 740
514 985
1 3
13 84
83 119
75 123
76 120
848 1071
151 292
2 2
300 1120
623 1114
90 147
651 835
219 220
78 863
138 297
3 69
482 634
190 310
325 331
442 484
478 776
110 957
756 1195
102 232
691 740
4 152
458 991
295 349
34 161
22 65
103 789
308 922
422 450
350 1121
500 612
81 344
76 888
17 17
140 1040
234 1073
324 540
376 726
601 1158
130 636
26 182
540 556
370 998
131 287
256 439
643 1175
318 740
409 1218
202 547
10 220
79 595
160 208
234 412
226 559
208 956
333 450
431 1007
658 1054
206 378
93 129
447 476
639 813
484 716
240 572
111 1159
521 744
529 1197
196 782
37 832
329 740
29 596
395 487
244 255
183 284
412 609
52 396
639 662
6 29
574 802
181 535
174 338
80 391
13 290
857 871
109 409
44 472
523 694
149 336
130 394
467 529
105 1197
881 1034
598 914
2 79
170 609
39 354
1008 1170
240 376
347 864
54 145
174 752
4 6
315 688
154 290
2 74
195 1032
134 689
146 1191
894 1023
683 1214
563 996
20 473
9 40
82 136
136 1209
37 71
10 10
478 1135
204 749
654 726
21 137
430 1206
206 666
222 324
22 177
342 1214
902 999
786 1066
364 431
146 1055
427 429
6 110
70 149
32 83
116 564
84 667
330 627
332 474
657 780
91 709
30 63
18 23
182 452
970 1212
80 185
332 416
8 70
959 1217
227 884
19 63
12 169
198 1095
240 330
199 1034
188 260
1022 1178
16 507
581 662
250 350
410 788
396 652
16 95
190 677
978 1104
326 672
202 736
667 842
462 582
173 242
24 176
22 34
1127 1155
431 615
94 447
196 202
137 280
96 333
110 687
396 799
147 298
318 686
19 40
312 760
213 594
60 132
96 616
2 19
61 1038
89 99
219 545
491 613
90 100
104 311
492 1068
21 305
258 310
81 295
408 413
252 1136
74 1168
265 889
179 381
32 66
74 654
164 631
287 629
926 1135
1063 1136
392 627
169 284
50 81
299 1201
605 942
393 542
309 348
173 908
100 170
13 39
103 269
383 564
203 1003
951 1090
810 1033
1087 1146
773 940
314 652
272 970
1 342
1091 1194
73 499
117 488
441 673
510 590
353 1058
272 351
397 705
355 709
1 2
80 531
52 78
99 472
169 220
97 144
3 29
601 724
434 607
1040 1047
977 981
376 939
87 225
56 171
297 538
394 619
152 349
52 634
307 514
237 1154
329 441
217 574
58 363
144 1162
117 237
545 1197
171 190
73 985
252 1153
50 291
1146 1147
409 1178
179 1005
924 1035
284 646
1074 1199
142 163
344 503
320 798
30 608
33 217
47 146
402 450
907 986
154 180
790 1023
142 966
97 883
343 522
115 1218
586 782
110 149
565 865
19 583
36 44
365 591
78 724
569 832
504 814
66 505
38 823
244 381
185 238
280 436
727 909
162 874
320 912
28 696
182 620
17 115
345 363
479 923
225 389
158 1207
127 249
46 90
454 968
561 590
323 846
384 746
264 408
7 122
262 371
427 825
171 1208
265 435
705 758
30 220
505 1007
46 243
784 866
13 56
519 1134
369 602
181 452
108 245
184 696
58 73
95 296
592 839
881 950
75 636
67 526
150 582
4 10
192 682
34 103
12 438
217 330
201 779
29 116
389 753
122 502
738 825
201 670
16 29
790 998
534 1055
631 633
122 950
33 189
377 631
5 98
306 309
55 1055
102 156
2 5
312 1095
677 682
113 416
126 260
239 866
82 222
27 509
106 234
115 443
132 984
387 713
12 924
212 623
38 170
1037 1044
580 800
1171 1178
550 568
15 728
408 985
81 1031
25 190
860 1007
248 892
781 845
114 253
202 853
517 640
634 1049
20 314
940 1150
413 575
165 324
389 432
351 917
133 539
281 518
69 164
7 99
115 704
131 827
195 396
48 1079
831 1215
436 792
241 731
117 205
209 946
12 177
795 859
185 689
54 937
16 22
495 627
103 1103
1 11
8 15
263 285
453 554
23 1115
604 757
35 1182
417 880
445 603
12 16
51 211
14 755
650 858
474 1195
303 895
369 709
755 904
372 424
91 929
424 583
9 53
302 566
16 29
676 925
72 397
5 155
138 591
109 702
218 632
528 828
615 704
212 327
82 155
205 691
693 841
119 1023
145 341
629 1075
289 763
177 280
116 834
369 879
188 290
123 768
877 1205
145 177
53 1028
27 27
7 200
1043 1213
873 937
543 881
213 335
209 760
58 631
48 151
46 255
290 784
457 505
176 413
935 1042
44 129
10 39
247 815
1073 1204
181 392
269 774
349 1147
63 1123
804 1152
472 675
87 1113
4 226
376 586
456 1177
64 169
9 534
392 633
35 618
530 976
145 151
604 640
223 535
1143 1145
72 370
1133 1141
100 109
267 1086
579 827
5 12
373 565
486 566
505 643
514 618
407 706
24 977
794 855
694 894
727 1132
35 611
627 846
77 274
111 847
531 569
173 1091
17 21
479 926
161 483
426 1064
9 723
524 588
50 522
761 1045
220 395
261 1183
171 188
615 817
623 1045
276 1099
834 900
997 1140
263 356
177 787
86 144
807 885
74 131
82 296
248 644
835 1015
25 28
512 991
47 1069
851 1008
10 1200
375 403
619 807
853 916
8 119
887 948
25 63
10 77
910 1200
1143 1177
326 659
432 445
5 14
6 15
1016 1137
324 1091
617 1023
466 1114
490 765
226 722
105 242
82 94
17 179
185 995
558 873
449 951
787 1040
64 113
769 891
784 1083
83 96
416 1042
16 177
525 677
230 529
142 773
359 963
61 353
910 1201
97 415
4 31
166 281
207 656
348 1071
336 519
236 252
741 1003
317 680
615 1011
787 1068
560 650
196 370
287 435
565 648
799 851
242 385
288 490
101 899
497 1058
466 587
198 799
77 86
405 912
353 709
788 903
112 138
393 460
430 893
146 177
207 425
250 664
607 1022
276 589
22 28
104 732
764 1118
124 234
749 1060
518 750
609 963
294 388
288 1099
288 721
631 690
215 375
27 1203
744 1037
254 1139
618 987
948 1001
196 727
432 811
587 1051
14 167
159 316
105 130
5 124
416 498
251 1115
787 1020
36 197
196 257
133 958
139 588
242 456
138 174
150 217
16 38
54 750
839 964
71 280
65 882
3 51
12 527
286 462
386 550
132 280
6 1004
29 96
221 912
935 1074
668 681
221 1017
147 454
345 1087
162 727
229 239
184 1048
583 883
210 735
672 684
270 1115
506 1204
193 1148
143 387
704 798
278 1040
482 646
56 91
395 500
217 245
280 438
541 730
166 1105
243 623
668 685
749 852
95 164
197 429
723 918
45 48
3 4
130 1088
190 1039
486 696
257 1136
521 660
520 538
63 787
139 731
372 1044
87 610
106 944
68 462
561 1199
36 82
826 989
18 63
87 1067
378 817
108 534
264 432
83 202
62 147
1380
877
293
155
4
626
474
520
395
731
883
826
760
753
259
529
206
679
48
582
350
476
828
1154
211
762
847
1017
924
500
334
374
839
258
1130
782
480
167
917
594
91
826
497
864
1188
487
1091
79
693
578
714
1005
23
1144
1018
779
508
965
1056
165
897
315
989
889
753
205
1108
397
991
949
86
794
782
973
692
326
294
617
165
743
562
693
324
731
630
710
365
198
437
905
157
615
192
14
346
988
441
1050
877
470
165
483
574
84
260
754
1188
926
1001
1053
57
327
839
1093
2
861
564
759
943
5
829
70
423
1144
427
697
289
361
333
115
54
257
640
626
1193
949
981
437
313
348
100
645
913
960
469
32
1168
1172
39
360
282
392
389
910
1060
956
602
91
618
969
1174
546
1008
75
812
1143
1046
84
1082
990
1123
270
1160
311
944
443
196
877
951
843
9
393
416
290
796
966
118
1162
587
40
865
115
344
707
965
501
1141
275
703
709
110
387
524
402
471
326
972
825
370
499
502
63
219
50
350
896
1118
685
730
802
181
586
1051
422
593
219
914
5
906
763
993
422
1069
1034
865
947
312
7
245
906
181
555
98
628
524
219
987
668
622
689
731
128
66
249
668
447
423
117
682
794
113
1057
922
1004
1123
1057
502
668
254
1015
690
630
519
457
1011
565
34
1139
649
486
404
691
712
801
588
411
999
266
1170
666
850
471
997
1174
1101
885
455
1045
1088
-2
186
379
662
279
1068
585
202
792
513
541
166
274
751
445
525
202
230
605
684
1166
566
330
395
1029
43
367
795
653
1024
281
119
771
880
119
110
385
411
671
259
844
665
702
584
123
794
187
457
87
550
952
673
976
328
509
880
831
930
841
214
1063
114
447
164
754
542
285
376
272
1115
273
547
758
423
751
807
263
924
290
762
435
1070
-2
609
67
357
1137
211
370
400
929
414
850
60
504
844
148
483
944
419
1136
797
600
972
114
1167
864
920
1022
504
473
212
910
285
850
920
814
1112
414
1043
886
501
846
611
813
400
792
312
54
985
129
536
805
309
767
540
497
449
1047
697
896
776
614
278
777
800
407
971
1140
147
338
349
869
430
948
1149
845
276
795
380
541
18
255
72
879
928
1091
254
88
1108
637
54
542
773
822
313
621
737
912
94
339
592
896
1154
943
1021
188
392
207
181
707
324
970
1031
585
21
1141
250
709
491
412
460
1099
188
1027
159
951
688
989
1085
584
655
53
588
821
758
283
1025
936
135
945
158
952
498
203
1070
654
241
432
319
528
437
85
940
788
377
249
803
857
1068
1095
273
130
669
502
112
618
980
970
773
642
493
891
965
169
893
125
96
811
1014
453
561
113
279
439
391
325
252
786
879
11
495
922
1066
12
271
947
399
1020
765
942
276
105
680
88
43
195
771
862
225
606
273
17
912
65
956
217
375
497
28
1095
847
607
544
113
223
946
736
341
1027
753
33
350
1023
146
626
477
912
592
624
229
584
294
1108
915
351
139
170
380
1085
990
335
145
286
275
93
79
729
759
412
433
813
626
382
87
742
469
1120
1081
345
9
941
344
993
551
645
456
196
841
71
524
290
456
591
892
802
751
509
1039
334
988
1061
633
144
507
1057
183
638
631
1098
365
939
661
683
906
535
570
363
1037
556
849
489
230
842
1118
557
292
-1
744
338
245
457
407
1121
177
145
669
1089
613
171
438
783
351
21
121
994
929
216
635
192
779
785
44
632
1080
770
41
301
734
94
739
721
1021
1118
63
689
330
776
331
586
486
141
105
974
590
914
794
961
892
823
463
773
636
143
533
1059
757
456
572
37
498
1043
769
54
92
53
87
712
368
565
336
679
703
727
908
544
980
136
1090
636
751
17
973
709
339
423
963
1041
422
930
983
596
1005
847
442
711
478
397
830
846
914
370
790
198
688
733
889
811
849
699
657
1008
268
432
342
370
1029
1126
1101
189
649
1117
472
697
370
35
760
1118
39
826
186
791
322
54
1075
502
516
24
959
663
1005
1057
1026
807
1106
722
341
835
345
833
48
18
915
493
538
1097
282
130
627
834
339
882
589
944
109
369
649
802
382
904
1123
338
833
442
206
343
507
950
396
287
477
507
46
210
769
79
559
575
285
1055
79
837
65
696
481
576
371
673
30
902
644
110
329
1109
1063
195
709
1012
85
128
280
1024
630
789
81
380
912
674
457
334
816
541
576
265
639
981
1097
287
809
408
853
86
72
386
380
569
900
177
672
713
621
337
792
876
1020
621
746
203
825
1062
790
370
477
98
790
1037
312
122
275
578
272
844
855
281
602
996
996
869
685
841
981
361
1102
533
920
497
676
344
192
396
111
162
521
53
871
336
959
574
580
953
702
844
572
3
796
626
821
892
786
403
166
1081
366
650
1075
142
436
551
161
1014
747
769
539
160
185
303
499
36
240
442
992
305
650
928
312
165
133
622
890
81
292
172
497
543
162
710
491
430
976
643
870
612
253
201
183
650
751
709
611
1024
496
753
628
68
388
1054
663
30
735
587
123
834
532
923
956
762
775
446
700
614
105
262
614
481
487
623
472
809
520
786
425
1061
1034
699
594
697
793
1060
884
378
891
91
103
737
794
1062
396
465
404
1099
1083
508
257
593
988
747
116
360
452
635
42
205
863
650
598
229
335
824
723
621
798
327
74
612
32
273
1042
726
501
571
169
440
981
374
968
748
850
21
761
665
402
378
183
306
395
1067
487
272
199
95
764
956
921
735
422
642
83
1043
1034
163
911
625
603
883
140
271
213
859
607
345
1011
235
606
375
1035
49
62
923
1079
264
1021
746
275
997
536
852
543
774
950
480
1093
765
160
751
703
303
77
919
66
687
319
132
1078
929
510
68
981
727
995
15
46
1071
765
324
972
356
80
418
34
85
355
632
901
138
790
1088
282
1030
72
101
396
591
953
555
1027
211
422
423
390
36
467
888
1052
565
530
202
756
372
518
367
264
836
625
118
642
344
1013
128
551
494
666
176
994
124
811
690
698
765
254
1047
21
961
1032
279
259
1013
345
41
833
539
73
664
725
582
31
13
779
301
558
263
274
468
473
546
191
551
266
188
789
240
35
5
506
468
147
683
166
869
776
627
696
211
736
977
591
818
735
458
212
895
665
803
581
117
919
129
305
721
515
489
221
205
826
713
506
205
57
699
1005
118
529
1080
504
99
855
110
696
673
1021
1074
972
886
105
804
498
249
132
647
813
905
774
423
227
4
344
1066
594
904
859
-3
61
375
356
516
232
144
236
575
957
181
244
807
