485878253
424785635
367198538
44732128
853865972
853316725
490944388
963079413
58768926
876067936
182131472
19560853
895964035
122128936
161471604
503832377
355220582
569815710
614175979
827134944
472760478
990619513
843085143
227285073
798418718
87578743
772565652
450831302
780287236
688638148
116402646
416992002
842189303
983726754
943644754
189642604
937668820
445376900
16624049
29882970
680432763
335441781
224710833
850307367
209927790
323773611
43552202
338002625
392148763
780676933
14419020
915931666
209721358
823764022
902498177
310211137
343819199
996493031
445178758
229272370
24459073
705300303
165162294
960980292
464834503
157780043
535923880
420744515
51969482
775084291
57870307
398320791
9716764
738775941
995592153
693957344
732634829
335396843
57784304
995740388
669032817
39613693
357102825
397392892
324738970
274727985
290348546
148926502
51717047
939327389
504455138
998797238
102407815
205551973
95448442
204502173
250972269
486910311
531816067
415444240
19281822
449267820
161862019
353993839
740864103
321266529
806137536
704647483
196401693
203836178
151429741
482971362
203148921
674895979
614750700
603755211
883254541
937460778
306294224
326068727
58239926
715689691
489026677
401683820
708062747
214774137
801511494
642291237
704071595
170704783
905265487
358829125
300149365
731032322
778000617
107679143
801439312
653030191
834308322
855770100
248433553
363539217
353884444
560390186
864892894
638552290
782204857
152475338
903288785
854204012
930706246
671130619
479176835
813313481
211923853
769220106
929565862
593133353
172972867
728232418
158559991
688659756
173830747
417235717
737455775
840440081
887888930
106550226
399605722
358462238
4683782
66447473
424289084
301980706
344779054
838327418
643313664
408516707
846130756
788844048
443546716
846289676
992870085
186468728
892716520
915261318
345668260
182979736
239616280
764536466
45262653
494548040
812600992
334245415
460494821
855133024
888524981
715748052
817742952
396709919
199347511
364822586
204890741
374766733
909578175
741651570
560964985
940389014
841823720
144571743
680953140
625695281
640051710
980349373
435524267
102157623
238885269
457545383
537979214
889624067
356738546
753494434
505801088
233257601
881742610
95345398
869761152
412482194
119401178
561245275
792929255
859931874
60152130
473818269
657454861
785843244
527175256
250036688
946010859
490445217
471879156
140307610
79008330
123042333
653173175
239179658
173952837
196986592
279222607
946715374
988877279
988317795
290264692
633033897
17036796
50004159
797544623
518368350
728600185
861805129
843229882
183289658
605139845
575544699
765986532
581758120
838833994
950587387
313376662
230442596
879605666
754315082
559682770
751954407
847352589
145580225
284562829
484613582
577311257
874787526
695451873
858631767
880454893
814522564
2613325
596641514
914433730
890563418
261565355
371711261
991515709
545331210
374273544
323567643
217294596
695160183
517704802
41948992
639021617
453709851
49075396
315140633
63037416
656482356
800263412
357524548
561248354
321397673
949969201
505404699
731238721
294157531
276292831
231674442
195112220
863809525
594250701
223517581
571284588
634089240
914944843
264328288
829693853
775511693
45642629
325275381
207404215
505717544
532753379
163980445
166318599
899945902
272997051
963444334
511276624
913752147
480844874
829219939
467957888
349224246
121346475
274779415
406798011
253220471
336687944
651694428
958470940
199646060
23085480
61262399
418070250
622257152
234744966
257410321
683111486
590892256
242953204
589622438
249220728
260714172
704885443
659520522
570216627
971620420
195536262
49501748
143582854
841659065
325494149
320425155
572667735
820965635
589946452
632595294
350236004
895833881
742465214
819021704
718884521
28575666
902415017
445811066
39635867
5802045
588403659
69888480
706509615
732027161
389983422
868238561
575944880
195038498
693125582
314557788
197432276
468653916
998803209
48344435
241896923
221113688
472821113
595384791
94713720
165429106
267776511
333586697
450209731
301318757
537138756
570266566
532267714
485256366
124777420
874857470
987200747
924529119
692888607
339680237
730139858
647361483
292771842
154751126
807564450
659315453
525101861
262479701
778258604
443767443
323629047
788204370
455463558
286925604
472818000
33465854
711747253
46108930
598973971
478368481
824019848
280617936
588497228
483825003
363123509
1300557
207608001
659536353
245487214
439383732
648009209
443345268
806275279
870514493
181967201
577135939
842585704
34310535
73235654
496164699
382009554
572565866
845211491
971384080
733513663
63022730
557832212
144414337
747955054
389825421
871336099
595384791
556803619
814865463
219768442
377289736
832329661
218074909
177609271
950122967
427277885
479919733
953224892
178410989
354615055
641158839
884091467
115973502
364386445
603989230
561205172
173516342
215945249
470383765
635737916
54513049
484179163
822524723
582861833
501059591
653030191
867238622
430119592
819953374
288453667
262272061
684483721
750139496
532228263
408393542
839098025
876367335
416739133
80222580
40177663
774638854
878167409
234864063
391968438
76752696
263879874
124035183
98499622
695997332
32206042
314347547
205401980
950913165
260779688
959079388
2767874
984266837
920163752
46304020
676008829
225693077
735312257
888249167
798377229
711086129
545565759
535053732
897875822
256866816
811183672
836876199
834012933
89278911
767506215
795959399
595027782
141690436
243989432
306553126
455962612
984352183
452302691
700045276
537717694
434033467
523824314
368930588
9932085
710493746
639848968
999753400
58301640
683796517
92772664
910430267
538974972
207348448
350971572
940595761
10027727
397306651
923345436
208199625
496081780
448332028
747900562
150188771
15671324
616074351
103633635
950433883
577859382
962346975
236271131
682483983
118991413
453932349
764621264
381150374
233826902
894233477
737831185
978781136
756636277
559329277
173195692
584784279
199032238
504298832
210127915
148212640
772064239
601001131
861410049
459986091
243003599
427458693
133093690
202781661
408369942
472193351
911239108
376090162
78285036
944687503
561205172
771789974
450109527
77138729
180601340
84354797
86926276
43242586
439797297
926554028
585978677
675508827
794907909
150189941
977245
907884276
579603673
870936121
164643398
628209233
499930750
239296304
873509369
719607058
279267649
650204368
736521845
939895032
60422686
111449299
342169504
368807626
556040649
665479154
83530335
707498122
556073512
804272843
16226371
851443898
749300317
535053732
729660096
302425452
143582854
484374172
318570713
953726175
450877351
88288294
416822220
477821398
216618666
136769826
820781197
514944629
62606425
521590892
87683587
846973066
414371363
526830323
347972707
800037567
325119078
879220524
864909904
945126899
11231373
659485367
750354287
527620
875887355
67702915
830780507
285510495
676182063
45880464
641023371
275922969
869064886
865476888
218436831
549687729
633033897
794863211
90912463
878139128
517774221
836694662
386617066
563182679
836137168
15623232
566244268
865065760
31204436
449061359
481860457
130335969
61328222
5266389
110445162
505617729
422049465
830145003
245298472
51756077
287514495
994454229
249142428
395785355
688914107
711434886
669737993
68875209
872855822
108530884
752984892
318619159
894611671
512853183
799819050
137482047
956124044
529982533
148012311
42465079
116308365
695209850
951090156
822990855
491348720
783516402
809737647
521232559
415064428
737245076
909480038
537582759
4224685
986525713
815624334
413719024
755409452
748549349
126505072
470985852
760131212
303606197
276251903
354520742
699338516
343250109
401795762
585962495
750489145
425875417
907649776
723279046
255312852
338859083
106145948
929593636
617252085
425475511
246571090
308851555
862849125
244946390
118504688
981500440
434807141
559788694
266782672
284347093
804742788
699291281
735814012
104421388
403849304
924257564
977859973
587285912
874163765
223543990
929565911
997320310
550227315
882174151
883288789
284103092
888801895
955156257
978144255
90670666
5463963
722728710
250935166
238776171
258042623
813051065
418713598
675799661
370290217
897528749
80215600
454413049
761381906
78328722
350235479
979886064
901246711
177315963
873228791
97389373
508032569
137928509
565623590
798584724
611843745
45710374
692888230
407791169
833811142
625778582
78601200
816617527
470178697
668274450
411319630
244586332
888799696
769587326
490584757
177502118
729702264
71929675
185328320
301218474
196457483
798169672
605723422
836335981
647704442
663790322
757477756
389833392
126294260
295231298
503883009
948098814
479031157
816879442
49963385
390515714
627100584
732942574
568774419
134502443
497801812
608552320
229831201
281070748
579378373
589577939
590664377
812397267
482379278
913397021
372039686
201119295
943977623
528616693
128178826
865295428
661774367
64653350
324519369
33724319
752463972
557216604
721030525
136282943
737181484
346638698
949965883
895394114
883878524
927923435
134984580
85029003
801083020
587345859
250302106
98736695
801431975
321134074
723864455
315091203
396511973
455692133
584810673
967296418
898714281
449019360
700174465
776306328
57782161
767790954
69863133
658093078
337795489
7589682
314895668
352288154
660589288
390890965
794944641
693596604
378976454
73992883
204502173
791831461
513881805
148640373
507619092
625619978
319464704
982052325
383797080
82073051
814296810
825036469
885751230
846440381
93022728
253601055
633767846
44188218
676055441
706909175
164404486
792637201
455076284
602157862
533685141
342926046
16674944
808178895
851057374
350567517
869772067
795087404
455450786
926117205
500272622
18293898
256076554
713450192
605819421
949545214
302414755
300209513
88628567
246210422
696796404
728167323
575821814
65805371
703868356
952727109
696216059
373403630
584649351
387858761
286578931
589551538
469247090
843433580
334051491
422305336
270027651
570598274
673075665
105962101
772625610
46393499
502622056
474282202
53475483
219473601
634209344
966462849
869761152
126716408
539317867
887226692
418239381
912859456
398624396
323779887
699624342
548998192
316066226
974717722
866060490
198947707
802401412
440615957
136001292
553318042
175103499
339140419
393505605
267932999
267248525
750354287
752408513
736904288
85215334
737332576
899062240
566104854
61161713
161090481
18401353
702065280
488425864
937009203
331966579
360365281
522856285
675518529
259822863
940302119
183219497
438247599
951316241
129248299
543391600
792787099
998223793
318755978
368422867
260339769
122517203
331676991
251165854
218259403
496536739
485518819
34520021
205333124
355371654
320425155
297247082
370487058
37581590
68901634
614438475
655002046
610797962
390243618
489813331
500409581
858053332
990427226
218812850
141211541
893111493
692327242
166132579
76302819
913227503
104973467
51532826
57135174
333650430
454799371
894557409
472609009
970904070
951682091
419728107
174753094
618475917
524784948
355649430
225162523
929179255
77713323
131002231
46801956
527520919
191334242
512198453
284666494
195877069
809523025
629855864
266002606
838178116
2841618
359818584
156697575
314633119
367799325
239507364
245113006
689032141
434744303
685071308
840687370
972347388
346105298
620573508
321395824
613276391
933195734
612421779
609472814
867949241
248163780
66897427
110348538
413048381
723419949
780343731
583020561
311653787
979443794
763375714
506550564
102867162
416275633
263836773
903624492
82379886
869326795
237695855
375740046
15561810
570171440
776722910
446148495
205825307
797166982
455592537
909306176
60652792
214275086
386617066
272041766
714840027
748880633
433450800
724405234
420984452
898287254
891533761
225043168
196349629
161696855
308065063
938238014
120909557
95242461
76298457
988639197
830165155
179955094
446757464
473698840
520467430
266562036
353062493
224803105
620436726
695126128
51545645
729756686
351265841
366867257
87241407
368165694
726809004
397734768
547735542
450478873
896876707
396687522
162997688
784566192
49291903
927629742
791956282
150952605
701505978
544138238
442949099
146126481
936976366
639890393
716841526
801050784
585005531
461190269
456845443
113934992
544851445
944399005
589622438
728324971
668615133
144722750
71304717
504754693
825206227
453084616
306644213
220600410
46818367
500443643
75686233
901617797
784135952
248711236
534480455
505954195
610272445
854083616
515627659
258257256
98555594
430257291
572980031
277922979
256682431
336211331
501046349
586283001
542157182
447648425
917864504
94157600
607138395
247906906
683771687
43932725
305983385
601624402
874369052
750371020
582821113
943859000
122756286
360122945
570757994
29521836
290497549
757355241
990928186
374102349
711302044
126832882
481975062
430741570
467734974
732054098
351679690
588653922
331492740
236994468
918389618
329764208
529464422
849172985
310700269
107236199
267082352
137055138
267649248
366646982
938734535
774074137
855193195
751122425
189075699
767719829
927423401
803184318
284291744
468734586
961203050
800470630
415929911
132884946
669264476
597721267
535591414
844259236
426755555
820898941
397528205
665944906
134187637
112531630
38962250
266562036
381787061
798656886
179056266
818395286
71566762
412952635
284300058
842259360
763165622
362271
532772075
745424192
47955201
821679793
532267714
55796
201081302
24074448
750008866
204398667
159308499
489330
832780582
374834049
896108650
999350862
590092144
695763385
701541215
281733403
384502131
12255303
28960276
873479906
144690226
774869253
168086465
194540660
823882759
34463521
852035528
575500779
73550620
18700355
674321994
791777359
227913984
948512868
304093133
898156252
494469682
515756699
429199345
301208642
241911152
249163955
631263614
37087914
735646997
958908974
11978886
330791097
384445738
279160612
637852344
703606730
625942748
917896906
329624894
201297878
296563455
585690095
963117526
93909451
304003954
363767980
742386864
48659413
660865539
883603235
801746240
485715547
603960168
180605008
258610699
176200406
895010094
217146813
331072417
962820066
691124733
666690131
651804369
596087863
562229822
213175074
215973768
807826400
401703949
389572253
938720277
913267207
319273480
901597311
144450408
116486823
409663026
789172355
463307866
769294438
629107394
568404625
34891506
390766475
707454102
286024866
344502880
459046999
409667238
963780609
558818745
301047155
176563732
791777359
76952968
354307708
739558509
765449759
107523808
457226947
151657660
675038266
640769708
72748593
315346918
888807112
429725082
777425001
256496347
841447776
76763128
310197758
661909093
149813498
689789402
96590029
138153826
426461989
581512121
653544342
523890713
942260650
946046595
150965537
949554324
437730219
678107155
76838721
733931306
145992998
747852010
503678752
697372463
661987186
3232473
830932607
909040284
445901148
221360467
499510492
482763821
783499656
603738574
52809867
675739769
21332217
804199867
874283891
710198589
43390463
796143911
387533696
683765220
83319633
722333034
61968414
970288814
213555319
706773878
480687631
395992230
864402650
645776402
275142168
76018890
509945173
30950000
48722734
612989057
32486727
314545956
759379525
841666691
875961213
689073785
210489921
339874001
213132944
909813619
587812300
484437791
765611567
67666189
258594649
730181427
943384130
109699423
553976578
831598609
789325995
82016706
477952366
771596512
844212096
515000414
173073725
695873615
232507600
185166289
316802523
30399377
981288813
664181234
388383953
553962960
52650939
613931039
600640925
692740889
234880790
190669041
159014263
889266936
545286318
794583592
450822025
251139465
616747926
247739826
664997585
743164137
577427318
110372399
779642932
33152791
468818056
28868198
752784051
450356923
989509700
410020265
354292931
691782651
81398666
497353560
154283193
543405488
47683147
291288171
839498011
849778080
875443433
531464732
517095297
272017940
853316725
483211673
691325686
602540341
790812562
293059029
269500113
646494890
163725540
527813458
167816124
989126123
659917563
921739399
550084749
631408873
738613383
176838763
915803043
644619415
659437502
584562568
7556621
359120148
41427486
888746737
659040640
364918285
929345114
88580150
775511693
485681897
631644749
393898416
609767644
643757913
585395277
697993626
97521866
487181135
478502176
430958857
688802040
822975859
34697679
414810912
613503976
45280612
934269120
248159727
970080040
348861532
118655263
869832907
106853496
997550108
9407614
867172461
638812095
808453545
976743547
527617035
302425452
922286580
648892605
458739495
488446907
56739065
199572549
445559694
26145996
990644454
355188152
889616040
588694904
389384013
591761300
967062516
920260822
287454321
472032238
87074874
730222531
706366550
374360744
771992878
919626063
442520583
415770600
518638412
472581839
58421684
11993022
122373320
908128160
339892905
998722985
801247158
361596408
915338394
223730813
741655321
273136171
804988749
342306773
37078266
596963588
699781676
527265955
643167940
315549581
822878726
858908600
781939307
814644201
352747958
772183038
424240618
258958358
6912419
183436584
81785633
679417017
258679772
106590314
694289195
895232672
393245208
806611378
390814659
85539831
152604609
525739393
780636238
459046999
870715738
711901379
514979123
384614734
580144211
152475338
580630326
505469611
268499685
693014707
250475899
116344090
632071943
8869117
165521524
793191748
848535497
326860270
992542359
829219222
287738970
640216669
514957977
437807301
305983140
463450781
548247948
677384558
192681996
516297868
281763060
135316250
746821437
388773425
512920456
106323240
510113796
993075484
394333331
822758373
149721077
556292233
618074391
903211928
820712699
637548673
640265684
33325380
900940094
567386821
528491597
835560374
987120110
134070944
166222793
852116976
952912192
486623035
658627283
431028242
411319630
329408472
340907845
441844427
636682569
317496871
71297206
39557720
575167704
471087925
23607671
560716269
616816533
733811160
166585482
571032053
261420903
962450949
333515534
365510455
577128521
184546302
133529934
546318050
151260211
687388802
283508376
114630382
817593265
690309191
355701542
480825080
54703366
734236231
199703155
140178193
22419403
371822488
497700857
317539264
24400540
617992230
428756130
72035910
562666501
908626890
712105261
607473380
783387471
918854514
978071455
514944629
664896242
970484015
287617
227678137
643584141
898883869
988701788
140528421
908924766
965172243
656856477
633893062
209273974
88304633
14003893
237681253
398946357
850225348
606985405
459039812
999578427
980187661
296730283
219123889
947789404
509586759
570904031
488118547
786122659
488446907
459186876
953767693
50015093
992615478
338650886
783977485
541033473
867605826
18643723
19847856
446896876
489599066
176004824
954244986
715745291
74303801
332724722
205973267
904040894
945037625
637342900
284704153
232819678
101733214
495363741
208810993
538614173
622470280
354072345
616896222
728802629
157979481
14621025
300279500
279811410
896139711
390745111
366944399
260124763
400046315
340470538
915204423
490402241
461564675
494592350
928775981
27004339
940927164
90985778
754701798
562494389
310098935
513905825
614131676
194235568
204628539
163546600
837042769
757984683
687446544
62090883
976610342
349230240
786012974
67848790
109438842
413449627
303635023
814105209
581099522
470074156
198194918
359953212
628273738
474696028
663029139
148276863
249565889
334264568
719517183
300814381
968325523
871718710
581014776
880901854
739423033
959747246
828566065
728181301
837349708
157958828
787493195
378714084
843239484
495759181
608664351
887373694
389703694
587760543
494056592
109378507
768532035
560157425
581915158
500584153
353889075
81756893
321792568
153690060
513327272
623873026
747702635
871524866
932238309
562754111
277453659
49963385
857958202
337668813
215635332
276297051
215265892
717815149
591470066
503138624
840840988
551436423
907705330
337953485
107388899
537349737
372623040
800621483
490584757
388037962
787660851
435097013
464997557
737195237
274165707
207620962
780899078
286376462
53074014
111929176
272801627
203590636
693911271
16674944
776718887
149910733
624602431
676882212
39900984
942614078
420806388
372593407
36483550
110700281
718044198
338619984
508546351
733556697
271086200
932942296
620182668
556325568
948892065
32703903
21920191
801947946
79289989
937997627
452199403
863339588
2090841
690129401
48697781
341652593
364377801
424340865
338205422
229859659
689472124
349933735
977245211
871107929
4169536
532994375
438620552
771380273
16811284
786842235
543942137
752797755
366672514
739520738
360949072
625067778
936656484
58861513
640051710
35040234
941780075
977583649
890369627
143317413
730710392
786988339
581434031
59137981
344568538
249507330
702479101
826684784
881123039
494525932
776298792
151509299
315978206
72729672
562293923
655457173
450225744
983286327
301766396
621323175
616903657
362496448
688560407
350062691
122766559
856659597
918815683
906115429
448416737
787883878
796671383
414617013
973771119
91343562
808401077
313136347
425851261
298504923
547322774
662099539
276766453
951417220
802080464
739454998
909306176
312823739
264451333
670347515
174157903
254114451
166221666
631157118
382193440
504455138
280233495
554699620
7766492
798006839
69718648
28003450
585944323
754262191
531622591
421480077
758848331
399635914
191714456
333910902
485817690
889453142
695787852
639646832
717563528
500542842
596399017
26567388
933980397
623798541
135234473
610682796
939579130
552641792
677652631
66307108
214372524
381800981
405639706
484713547
673211701
355314242
765785043
111525608
160659014
107237987
648321073
911480179
569554625
269603025
350460279
358583078
975926487
582224483
873586118
546418049
148466669
219479620
959720609
650951854
469027523
5088639
615588136
957465065
774074137
658208751
941780075
787020303
480237966
86613544
118387550
330025579
899062240
645132197
12375446
490064864
329622341
936452782
853214819
495837166
898250035
16167793
571122321
980011213
892767274
577286954
827336367
292876735
931808290
303618467
942268918
488293397
353909279
662469661
358235314
630931644
69154066
84625
35556064
221448731
630234196
708266313
992776861
708448021
970934965
642076164
728084955
153261115
21921838
633847451
500974879
798299745
125170864
209180014
737766450
184132247
54745436
597685393
989453513
437542425
699434048
485007894
898012904
36858009
555697867
403382002
161124671
550218132
324086300
331072417
238572951
38512726
945049823
237342761
186332810
481234246
917647214
107561261
229754368
104973467
89523128
840687370
197832105
297946217
618216996
198495380
145926587
10207809
808454044
909155560
329261098
995036410
838034134
608097971
21456780
838247149
475835908
432678775
32352342
443969500
530770718
351025445
894115060
551379252
75127930
720863233
367375314
674810731
640753398
957807251
597435493
706253828
8410523
21537467
935660852
169672785
192898995
625329272
50181349
970241491
57889881
685246837
26501723
261003791
113318952
718541679
894873306
922747108
945452853
108029589
591368357
384093868
597878766
816297815
55962627
670459825
590750641
948584570
728418188
872879577
875978875
315568329
164839885
20946878
978996045
598522350
856572347
512061805
231927342
129210954
631211658
396464676
65917616
532145108
500409581
837360881
928935870
675774593
971069314
773250507
642077046
902468101
665592906
178951943
340228065
943031996
260976826
466291489
963617428
485252214
894233221
801858703
918058761
947497762
42022645
143496420
882774921
364508278
159028762
317620458
968027960
482544253
409264557
209530590
165648586
218869827
777073932
97949280
885245069
958830454
141558407
892082659
733673921
297655840
801726991
756929097
29103894
768831703
103067264
701847436
190070078
743352069
401762422
334259128
511851133
427161142
203828425
833465974
960028738
782325122
774744645
677549862
480917013
236838822
515130231
470374995
154853351
443201113
529867567
148591587
340228065
900175043
170550951
454231378
480675253
253175604
645112658
358308613
961375720
472523631
667167885
549759994
721609986
650990767
384517483
216832670
76023091
368593853
30800924
276707176
85016332
135996950
538044123
184165713
758010789
358501179
156969866
247574152
977880975
553810803
924728119
346080934
6636204
237820473
15330808
666842960
230721453
117877893
927101129
793743811
525384797
778487435
548410230
529472681
282791931
854453369
367810935
367409367
857368650
826294210
538262106
982297858
8941531
531770485
850110039
481414652
517031498
755524624
399263121
561003327
56090164
62047346
552095426
228406183
648022736
177992779
718914258
131540149
605897624
265346983
251166970
872032887
228406765
826091312
512614712
222414942
754452960
472660136
184592976
947917048
612509669
700293589
219928624
94427718
160949420
362718095
429734846
864151236
42490980
110757728
29374906
696099873
805719484
304093133
491842990
130243940
277923750
150500175
716419241
664952544
642186452
215652489
491213235
969951084
522989420
865764636
643090312
985683363
703606730
442691589
673219743
534145906
772701189
832300320
154171682
506494870
426973368
717207311
745255392
171265494
212575151
342502382
221320687
873236573
940349019
4222499
584484314
633847355
808848174
534877736
516311762
817346290
24601567
708140296
704806251
707219046
3739223
590667294
112477339
174006172
819021704
195032359
507450106
238862554
750294425
967823660
915072791
402824956
702304006
869249072
714206005
759726940
95722524
875606564
462140655
363256672
834376394
559112934
955556872
431613433
346338771
940193164
684612024
191580263
828597263
173420910
734481825
903437527
977651688
173597724
413757192
472996998
851403473
306109705
939895032
156427606
190412942
723659326
66498633
990231465
155278415
962012340
688373406
743136693
382226183
972347388
675859436
203568192
175863261
910241925
933626694
223227008
104162152
419546705
503117514
908406167
47200719
605905584
632807466
305741526
135374952
492695689
673062952
471178978
782871789
323840161
953116794
994737682
727936079
531929558
67090474
375004496
173482290
148015572
267543558
848633691
245897982
162418639
411144966
801993181
139579313
946197997
202092065
301725022
464407000
892619414
625959068
393904962
826345276
927519084
937881677
728934841
708333783
585512391
76156204
171427926
944461204
511276624
515762585
664232808
980281552
268964071
595651705
975466385
403441867
836878807
985378730
527520919
342662265
40263744
677077610
392823348
950272585
668044581
679502671
946806746
564329663
132581461
677236656
387931303
646925147
478320724
865631137
485995743
848648674
403732970
338699278
675394943
107679143
274119872
134028912
46176451
122602445
74252273
504692285
82691661
255296724
620724378
538548273
395961539
849428565
277786858
278727528
221741441
515527305
297249154
829925327
380916326
51140159
412172698
138021410
894816507
140702097
994118844
950598722
764788128
158065640
121353267
141994970
535549774
295196918
458710008
371680497
967882782
981451482
493290530
861642952
714364681
355380981
393196670
103193617
200616564
676859521
165395669
34315888
555576441
589316186
42931981
725882741
67786870
145729462
528582271
730441279
650172014
937848960
612990100
970707975
514127362
596164966
228128081
839866403
210195299
259319451
377317226
756724176
536104168
206798669
299350764
313758632
276734048
301357763
74126548
856300360
24837966
35781049
142796959
92653471
810024616
537599505
276088375
110999345
584615790
222348633
535866534
469301784
175146972
419072284
130661333
715357183
942455372
125757901
311757681
532849870
733323315
861354531
735837513
517144082
138757881
301757122
369847693
897822959
320158827
952244619
628266285
368923893
924716754
400455876
723448672
365976816
280587620
665869683
970168485
374805645
684980660
125103578
48452850
626393882
83012765
351401861
560915807
753949297
810395074
994129230
677830337
798561004
838855406
317164596
746868337
942021046
20507057
940349019
367396762
666692947
989509700
419777515
939115878
260883897
842364950
465893777
359580591
135374952
171728506
528704925
956870167
857621745
607008353
595345742
194577716
528602369
188398764
937699954
210760765
820793261
314948765
801596945
546480699
316839982
424557796
317526491
59966502
989678423
894907749
5464525
583070658
506566685
636828041
580753933
305000088
997508318
911552978
983995215
284063709
567683031
461819533
429688536
179575066
904659681
784637349
307405244
878159534
350104399
627542653
911667914
569130042
378024994
861219488
863421008
128637902
111421829
463536269
377557261
1127544
921408181
656482356
707228943
21053397
253397212
39557720
472705033
821655664
975961852
983380550
749665760
195491054
587081798
409455339
632972750
611287100
427564556
795201214
944559150
576041490
542062399
229033656
798919911
548690300
108742365
268980389
825418140
206452217
357504781
290691140
267543839
342351809
574169296
306391615
99087636
462363058
622881862
135021623
819756059
438064685
137767584
897689012
174003494
999803201
54112962
829401111
827505605
604144133
809989324
446079869
466436452
62657994
796441776
740045409
754667990
838820998
665869683
801093553
301895664
59143472
595301098
448506491
137146039
537620459
641898568
306851095
850111933
601890355
463112743
608892498
896031867
411634513
100386941
429903128
611631043
487333796
145566692
722418688
692170767
402041476
960200912
664790371
507967580
228025041
951484622
203596042
626563298
605415984
92085062
92459108
511384377
89256865
413394430
534546112
834767621
743362373
612885308
691612467
991724847
970168485
684671339
480181711
129340919
580891843
539229754
558145039
687707796
948617124
738700137
534029034
81725130
182699515
474591459
130235303
341859178
73209824
214011610
904803246
285447641
941561922
717614979
670048586
219928624
133881637
515802038
387562185
717117958
262425929
901760578
836916852
560838170
539266740
303307099
962773383
268880450
736677762
244960032
104464342
769335892
76331537
67082610
987501009
857856123
677509917
415063831
699239248
820243188
424976245
872440748
482273300
874926330
473578822
524930801
121544987
736677762
140801169
636856609
381819663
50334812
470037355
304377384
749080078
615761146
972267227
786687330
941602827
421498216
441592119
876739815
645691884
265940529
132937859
232373239
174241520
511865850
38444611
579011461
801053245
875965206
767891415
957549083
170181455
58472104
142186383
632772411
659436938
861587182
817554288
901146521
624630139
102989560
157363632
123182957
19955452
137260863
82714485
599446644
884019007
251371135
72472338
653022287
858016390
949724709
767400429
314429837
434765596
282846772
700646857
714355466
467953182
174094457
67662470
648009209
506140168
570131682
772270388
200814239
204827822
32012205
294769034
936244342
15181141
325878408
259824359
209734809
277471017
510365596
17654521
285132970
499930750
906071076
991673311
676182063
228185548
583409062
234447085
998505997
696280047
572741960
840643087
644027925
730154493
428358327
878554856
406959312
909200505
194462637
287122963
406030259
815090868
201302239
839440791
43628731
33023771
754315082
578672622
856153568
878848044
894128254
264035044
393812305
494318250
464468917
855274532
551455347
774078564
582693720
926080507
985806513
301136591
726987324
150194644
589638626
416049509
74202113
572204661
558238252
934287061
652975164
36899152
357714014
415889995
389992706
70882747
210197272
447924150
380112482
957180237
568542846
655449557
153754613
130674537
369002052
815763313
299279947
820646245
653751959
814958317
863288656
362873910
279198672
721122373
125543688
452093206
782359784
119795582
60487043
961328155
435491735
658489453
64435364
67140205
251384322
126141210
842531663
610545235
990857258
679791884
768171739
403963686
776306328
447660048
187866406
105794536
984101034
822850645
933980397
185479824
244842932
379950326
926330655
81875350
408474059
281617096
558340771
659736830
14605040
488638566
632960952
183884468
652006663
549147289
148173119
325979919
483028869
949579049
723657012
658806161
905323832
89583939
609596386
338785181
474950127
49075396
561156152
897606914
738155940
597511893
511653446
571368221
864913658
35221760
363615316
644027925
329776097
481892043
165848319
1835900
479654972
895434169
265365579
559252291
559803842
391795480
453813063
53548420
57327006
402940587
586347391
545245971
43390463
631745656
628358895
443792151
808707688
636818585
519308439
289690998
376452040
506494870
267495960
537834231
29860087
457547449
474976361
110925147
850553059
722153830
195055671
313854530
261000389
436026463
996499472
985787376
252409698
312575064
316433763
417994329
744737137
725106145
730877820
159601946
214582786
491759683
352716421
599264668
164783880
279823762
422308447
469738920
320049074
284491073
380173224
970680389
286864730
463980826
602318291
305346222
202314773
749732920
762479484
395771081
525430781
311391289
358196748
506710744
160779967
40261220
327437152
512091887
24463001
169169345
766269025
620618715
785297289
539421374
644725197
843524386
766725719
48261495
551366450
838855148
840307338
455432372
837159683
474881432
124314748
882532317
849211313
596132070
830725300
396813364
83013672
979718549
543656251
324458996
646041280
178420030
901230867
826098582
933832439
620939309
387896287
697516026
88580150
247773332
312333444
847779588
3363375
636592254
608714092
470681993
171221260
80677471
534037009
811744637
650165837
446149715
947374158
596641514
98004915
14003893
949592483
223182283
958726375
232281360
29124332
98512250
531619585
126743266
145238267
369520392
903804731
431885977
574820679
704171894
448631898
388704540
400566019
269403511
511168677
216763627
211177431
93599845
200174165
782308761
574041618
121347367
530546304
354548799
282202766
611503136
223013371
872151987
811294801
578363608
66602967
978598873
162163851
226663657
12287993
252372932
707984234
334006147
437021809
487635385
529376706
994882038
847114440
59051374
871173582
430355411
682074153
938428898
49854195
115235463
790875900
316616029
423004290
53086735
752769542
694123446
697426421
454715822
262247017
830513364
132050699
413297672
151956712
303099292
929253304
628693001
675521226
597254116
218332078
163165184
730591465
562293923
119005360
227218420
187055180
559093663
597713917
806158446
627593932
134543676
849865786
798069688
51171991
43860093
374237090
303379301
342650071
777829693
347974034
837392620
349668433
279307843
943193992
745904050
653384422
110863304
57552465
19374911
426882633
215653013
398182643
611917454
728649808
508330172
399036931
505369798
503327812
273934138
532329020
146898587
220352080
20746421
635573179
869209047
300873924
69969994
31600986
171819584
167518049
997881475
336621552
867883640
526223046
301780569
925281557
574982790
496797501
538767981
40733421
58738211
73831428
767964213
566136002
531623972
15433141
662049056
190760661
857319043
991749823
292841643
404345712
742199082
115959694
273810817
376307147
598661898
457227954
760084547
772886007
379842574
360047199
960284499
98123682
406932531
552388655
935779347
539296748
300306792
151017639
508099546
458710008
999277953
483536554
90052565
657469381
659669955
615559364
117938647
603740482
650029232
26859117
284061457
585944323
121037891
563985176
16942366
978290676
4337096
353040334
442453906
765114040
743268208
139580682
508473708
359899593
148307277
343806455
69433367
274063336
332543164
905083771
790747553
531263980
379055805
132845986
389941810
58768926
109151371
393064391
535317816
164753991
185710939
704859231
905871380
7857810
412018945
40831700
470324136
533321462
436563797
62310919
790436464
493527984
864070445
354096861
312059158
748769120
335652402
214347699
578180326
872971118
942448107
748793917
893265621
54323114
626426400
315297333
68887245
871664221
22440347
606445854
460954559
215068960
490653965
497278371
297204353
817468047
118080926
573866405
987956370
142462554
474995050
215866716
867332102
707070326
285923448
73296954
743819368
174190935
434314704
303756342
730360150
99654295
448317243
444899609
345301241
943317503
16596000
830125548
401979109
738967667
565224419
544225426
390766475
797843568
780343731
150253182
408607954
57559483
226816011
973514814
369626399
208679707
941859654
933244230
881548317
629974718
70688743
255860408
939326725
753185982
142857393
916432004
156580459
695657576
210134853
654590798
876224360
714875491
302199294
801547401
991928538
361594116
776584734
828874293
341671661
925927633
305240953
50000485
156230051
698834657
940718273
260814407
157229111
384354156
752924217
669547273
724291780
533174656
326472921
744690912
104571290
793320221
210522949
17261726
540638527
964544702
178295365
386382047
595651705
505720031
697694534
537785554
135996950
956025136
790699336
210005435
58237683
555725854
909040284
610804385
128296505
204347601
840801491
677081277
396526863
383069236
564752073
254677402
303298779
276363817
770356918
356139163
710589293
103452828
551306833
953636515
398930925
143328856
919935316
188763174
872560892
652124889
654528723
589795570
580279228
456576660
445096926
605252410
130975590
828052545
590581743
618578808
297985438
408393542
119145901
940660742
203349859
668348497
832113557
916693256
386220570
197878013
638523202
627218852
967032284
718170433
831791742
199772272
290839119
534296592
828909008
712669192
793037182
41972634
311083757
440777343
516623902
434305523
479061214
643149543
810856572
428579158
40351322
977754180
975009370
23396028
277854232
494398970
210072179
788864212
276261952
554776171
315807832
611608071
562472152
344689738
333898825
200573159
95988418
340385079
54478312
203568192
696046345
63489669
622722687
91083117
35680239
515341121
766352734
959476608
848227046
426876303
420812548
611713289
643388870
659102677
32596511
11033116
615180037
9039782
971931469
394519921
741257127
920066743
122037440
868125626
429276231
599367453
436536345
4542128
173130956
496144924
20698520
822584392
101610997
98556908
75278870
749788594
749604682
70612290
624217072
972387130
725314596
112413889
972618032
518064787
357860720
589838959
29996743
289425272
516294908
78095860
122727136
857551505
716997659
714034408
972043205
545836318
613428269
68901634
175177708
922618112
975633081
610941134
291654250
800070104
241831602
125406385
130963501
23948775
197365209
535287382
540993950
204703899
279487510
287810452
957754368
102787766
5396869
91467164
370589535
822986952
319309695
734940300
440126130
801986017
152164494
509785689
302199839
108938616
989709283
875588951
881938679
274754466
702571460
256194933
23862905
963153107
121513916
178955722
733959078
956642166
903175100
208414157
817219137
151472672
121901579
123136682
21939557
798813156
369291919
507992437
901546089
386990510
138613630
783201939
199455019
313726491
742151522
767653089
262014143
274042755
536389720
789005284
702297815
949914655
437995293
293518185
930149133
919543788
276747074
875965206
292069926
667412607
646629633
940117596
800691224
835442771
299665716
463726081
389989532
153824982
600937445
948313418
875309856
55529186
447295695
121535235
373399787
372183238
34323815
664923115
517083885
902557601
456470208
581014776
688011920
282976866
865291219
277854232
839891501
455417280
711674751
692619807
728381226
883202224
997785546
871886336
501217193
456470208
924580516
263664738
71655996
933823741
855078112
474755133
335392178
576623398
940924473
526108309
162586820
147821251
28267072
315413286
609890363
798544159
499532458
122517203
863482144
351057408
407326525
155631421
748488811
722948557
941151608
60910981
323975299
851531635
685508533
47913434
718834623
23791451
383713107
814426179
822773099
567504553
422178176
916139697
639890393
886086670
383025779
628779285
596256875
594045962
68641656
92459108
72008743
963773326
784729548
144614478
73948312
929360910
491757722
953020777
513339962
724759401
32436799
554567482
501279308
456216810
663307095
519640062
804458531
518368350
469765698
52149590
28286110
735210371
440914731
711598095
669416009
162914134
163767617
99506681
768029659
649464722
547940856
174131763
32757867
861938087
980539467
972672314
198205771
15491178
685109086
597254116
9776922
189957628
212629511
446812402
858952584
522940695
144685796
372295587
224017603
229492067
724291780
524019305
132731936
240413054
987946741
66447473
870757589
691768185
190548464
573519094
925459125
124121977
860810445
733474633
323919316
889683895
638523202
925985481
249945459
464774851
321456407
403714866
361750813
207396679
244833104
369669244
781237334
983644535
913695694
840738154
314894236
169998137
613009154
465681130
91794583
359961695
619847343
275291364
815454132
407317991
903911866
221008433
4910573
608011196
399036931
253616796
680833901
572501153
191092721
308546158
234797178
711617200
222798426
393082147
158352014
738979762
859079346
937958412
354823252
998498812
757722235
365432460
368924312
17989224
539963899
717227663
677920691
239503206
176563732
41177240
83422669
96612013
977245211
841019205
790263363
782877859
799056645
463046570
178361840
334249313
464531617
464016076
901787635
110928037
763771951
955559525
741018828
400961486
57589971
12255303
45198510
815131398
528491597
182489670
368823728
486645383
592361044
980426639
522981658
21377611
490731659
659051563
773641157
767020984
587484312
63336428
243231678
162520335
643811431
434314704
772999180
277885966
354937713
953176512
493529986
133110147
153329753
714760391
637978684
372772301
298178969
667175708
624781912
73911044
307465734
518156067
310829206
256130543
273231099
353090247
913024779
238979364
299157590
334253370
440409478
644035500
780287236
645695871
475510724
372760452
737598144
954087030
993474981
87022607
683891187
914081126
80468537
841335459
880872526
793037182
830396648
454630004
263480391
964018947
706192563
284303424
679562627
607864369
694109318
114836839
677780273
336257630
704192669
785199314
565294317
391880557
72022170
83629515
17112977
468042330
593138724
620685113
839180704
842460653
732634829
388483740
244513575
806521037
130536187
420548393
690818626
547449576
629923849
844793363
492695689
724201195
91721749
643149543
295664528
763938170
207504047
242164760
958780577
76540117
756013049
390366445
133692118
537184869
499108083
678065135
284491790
33994829
85336702
247189886
383107526
267511350
128864743
119441609
244578429
541002735
373675347
390240529
840162427
644723823
512645451
476592850
82483120
243768460
48452976
175610936
848921130
560106366
873122616
503448009
854688495
493448002
49318853
965858762
341710695
681744005
875752071
113976422
629163758
262756052
498087453
920431574
163936473
268092784
774765456
691407160
682247793
580858126
640479833
83675562
539532589
910261354
348550745
743041909
481702154
721255583
549241787
385660489
960548207
550375920
590083063
186368222
391829984
768780519
453461313
233828550
10033808
667625135
833621027
728702846
125170864
298601264
772472531
773572570
792176825
739863381
934503064
766314140
788755638
529459756
235814878
840815365
381254753
782267356
194425591
731309372
96273418
966712266
389319982
718188447
770658772
982527895
374484248
640566044
218995777
816502203
50549662
140377051
146803573
365885751
195858261
462536560
97387194
718852594
900948230
964690199
557291791
542848488
100758757
590075816
789914436
335987441
862894571
458114092
352229683
731788533
517504960
480750512
391502559
768784948
808049229
239673372
281611119
692170767
718523946
155798879
608600629
682380113
728861778
289342370
669384343
404367994
351886601
716101992
689073785
560964985
260904513
986713654
708235591
899774786
693972803
460123617
793194896
346854059
508779667
484068433
523920525
907536641
147786133
406048606
49711607
703721752
680960037
570327729
491571709
862758242
900477702
341918837
174790225
246578145
758855770
987265629
954244986
99263559
708029961
651918083
135996950
731314182
665479154
57803507
812121567
166788610
396724946
109980490
886133695
480882002
494363496
658804656
180878002
938315873
55393450
407247101
73156326
783132675
544771514
776223910
799008625
660206198
117442836
772686247
94376363
467341010
973253708
901064016
710658323
18784106
464201762
416652126
541937453
545677877
941899785
627244949
561829803
931308586
175097211
779633276
416030956
996483029
906951095
44068160
250073965
788122296
101604058
284056016
227495136
386205017
619162562
691718328
464769081
51328356
691959528
76223194
275142168
723973961
280768340
503546310
800659476
126200389
910523567
616778427
43348024
174753094
355289118
295274755
155092835
110153310
583303573
708952824
301913348
988452971
357779213
216621770
592933449
141985737
766895182
962450949
831479503
524258910
167731889
483644126
780285090
798791875
181800702
843388616
178533836
516745106
761896931
823280808
41151919
245630023
868745304
83131435
716636823
572976410
643684337
75898643
311478904
527742232
53113862
604436237
943710210
386010927
970651354
831377884
973109332
357784943
293234577
329807424
627517382
353040334
802158141
600453862
225797147
287906819
757079181
833535446
276249832
194443897
503568091
29753623
651993059
914852134
236399536
559153537
459927174
497384284
526214527
565512201
796358588
450996984
631232074
276465968
253159886
275109605
386674199
121324312
411841119
722619288
536087602
920835852
740149388
33898346
25303803
496144924
908781506
995931517
894102987
564805507
743075735
957765911
616429081
298859401
179237942
200129598
344499867
156433802
216896329
748036762
571617463
175270597
451481400
668057643
494790038
810186354
74409416
549304680
703616758
928044740
551247547
958430625
869698905
47799349
218165771
387060210
304345681
510725514
16931363
67445067
675366970
476708779
896975916
289997381
544769361
624218799
170012183
663953807
809312113
153567045
211707700
171224872
295331816
700437254
871922470
694986396
191146837
176861476
367238930
629058400
915459417
513787496
774685710
578352413
504897947
876683409
454261704
922895542
782925770
871606117
696254795
793893425
928918676
211075625
72438733
106052180
287738970
373618128
679893605
80677471
656011418
524677322
543941057
556004549
114837829
963153107
335114659
955324981
572565866
205654177
62388510
900075968
86032259
552993337
375950386
133540231
101066140
409192774
584686413
355803191
817691375
444353224
494313530
358793774
367363311
697694534
362226283
628138315
290319129
548113408
362866150
371003048
751293355
968442234
54369775
298893004
500907921
500589528
162163851
769753369
509227181
952255942
893141989
722748397
789876285
809714320
330223599
998071297
832547212
342578875
986392724
104665872
730907006
40518261
804623240
25421316
169844269
920672142
496000228
776370353
714012815
136274371
14830186
837614310
459192931
766735113
17704391
802643195
829746007
506452473
517227646
63794134
527562813
943073821
20547665
27509587
688235451
64661617
664756801
946580341
602757239
356321062
566078827
142355558
345509453
555472879
808132190
25065887
510688495
4762273
871892616
635747270
741930570
388420091
260036278
578844790
146718873
773078634
972881110
82055874
340040874
967832717
792652882
378420542
969430818
899331119
979093255
632160664
636521500
944546404
551685931
607321443
517023884
640566044
188190859
481625045
673134949
479894204
765282858
134764396
645386931
446998016
3447622
753760917
819196426
773519419
589899635
639390572
81144130
819625349
974696895
298163824
667982963
674673434
873477471
988156056
715787425
472821113
943213925
340403125
314456668
694346400
242034970
525411235
378159642
155286102
843580004
434162431
678206493
812015903
390515714
623618007
376781989
870236668
359307762
220135122
624570452
737502345
920479600
104107879
384289568
597964442
82689658
710354897
22357050
843477298
833297555
303062253
39899001
594755161
302962478
308576614
531927186
550401114
295706124
552764426
957549083
325122868
634481162
312118901
33325380
471175490
381281049
910819073
456832080
698815107
715941780
98123682
978716344
622592896
545284542
316322800
918445176
12081979
151123737
103452828
661335198
116166336
523044753
877386349
210172866
56480191
746083004
794883790
359090831
508242045
225442134
805574214
957465065
407646475
478178705
230195743
597386115
466928052
943352304
903423385
138228850
814426179
831629090
374417753
468389436
462594422
304452004
906412459
960538298
256196591
437142633
586948403
118160358
798194764
272395350
188552432
87615774
898860703
867552335
927529067
16805057
369603454
659899787
90259303
940010298
802565355
280579656
730187456
202446765
658955974
220919780
191361145
443562587
804880948
292769831
114331445
122080242
258502360
651022946
98565818
65498564
506671759
2483683
91941882
915620260
948248985
531631582
400338982
440745080
541002735
708200011
566225104
203185597
570646047
225781241
387068045
921752927
211283678
977377385
321245685
649795304
868671987
722281731
811527601
266763039
119453036
210786726
9039782
163848601
36521082
818465803
254352615
221951388
936651810
117787533
439367660
615964284
946007813
398975711
698528071
461751952
121826895
484374172
396199092
830604537
85660227
213451087
647719604
865580934
263426497
802329113
374864279
184136585
246429309
338062557
805338331
160617866
750545236
175258378
411689465
383319658
110267799
627487004
455692133
534443676
716061832
603113838
185761688
540143075
71566762
418624899
235949354
874607519
307755470
712786038
777204935
306430888
858212527
23145094
556467943
335987441
166939831
110672582
316056244
890823780
345090058
333284943
665983892
439330966
244376094
632024079
97785565
238663738
770091004
487190465
65745125
830451529
364890512
921205124
121432989
983713109
999578427
812516847
521915164
117593973
677594067
967031935
232547439
307246438
526958568
537238215
962571095
478962208
728216462
166318599
951550098
416107964
540977687
950671239
385642456
561398141
795631172
848790941
567952685
669864052
368522862
227096364
819874466
311596802
94140711
829486956
395663678
546500953
194271469
280271808
146436010
181235259
151211790
852730316
7123389
417799441
408533863
753533928
807636132
688586118
967140538
433141221
618787821
921449542
997828225
213329333
274266199
255420244
414075430
334276383
621980562
723296882
124011046
228830630
451369374
310461171
350060341
365976816
587701524
366116754
837521454
408369942
626042937
844233227
857560186
617093865
334033369
687347787
598750568
286951621
718725409
183719133
897800963
310568185
868519215
330675717
527824922
403509834
413035245
943107901
982361286
354530812
728324068
536726443
573223650
623258893
997748000
707761037
203836178
689678562
107048083
315019261
31491090
16746417
77706928
537144620
125328235
141801629
506742697
626863979
227318251
616333914
284666494
40578033
718423904
948417931
566429884
463993065
984022293
840692223
806133544
548167008
18901601
778933094
419830622
202046568
115175530
763099855
290354224
581413250
939437743
734570510
541383624
898250035
632132264
841972296
933273687
306567538
751580639
992280694
556092705
713749027
858276754
602562760
445712114
758748306
774790200
449242829
165395669
695402458
842170572
172380921
38444611
310508681
790812562
56135411
721956932
673369428
848620775
308549614
395785355
469867703
278699569
407469516
312894323
16855317
12113807
680514165
767365765
36853196
299547754
667680378
227429213
576399837
811666176
517817365
415082117
959831412
289940532
846120192
537785554
42800359
430809863
14419020
679745576
988669696
529643749
393045165
115534533
851061672
546167064
37466322
946991887
511079400
362517471
295465673
875674986
905592607
880603184
428375148
686185582
634082964
839307111
915202199
489190271
859096617
870301994
391038265
16172554
250712610
210303664
448965053
429129121
619491731
963767326
71507697
731859652
859115044
28948555
736839621
883362894
449274689
694356699
631747141
44909300
115286303
666842960
536935484
987120110
298438513
685154122
574275900
297837116
77416327
101973382
289711167
232943529
328296255
794593657
998254906
135428087
299808035
658999228
944663009
94522069
150508963
169003787
194417982
188550660
946610378
313553723
977903184
418318985
533841204
339272756
108726657
483092335
955025761
940725456
182926946
132739588
615936782
854944944
49140328
436337237
287742508
270324909
649449346
542480562
716000591
123836335
123712828
948419277
628406987
662872203
999192302
285582423
344444575
247069597
52656160
801986017
627007692
452531322
718540509
92196344
415836467
584525415
949592483
661757143
665647649
788181164
729110378
631993409
613857320
910800723
226067800
503682423
681526934
359585196
548024604
327852609
144892549
854041312
485447118
497591378
482565194
736268684
914084121
920874362
789812417
136953808
45152445
500238483
787025406
306190586
108999946
930008834
593938582
937795106
539528010
290730973
83524956
937836719
780469064
920301138
605762543
875763239
464029972
948921698
989470555
205473948
44505756
990032730
748563797
646490283
527466638
368858288
983210018
593826573
927250666
310599512
534141973
655870988
682189917
651186027
860911095
960571629
59077020
673711581
586707299
465790507
174221721
659040640
333639513
702984301
323112553
271950564
30295626
417371759
115296724
938421121
737181484
941293102
395482312
441650864
627447103
624887090
78142901
823545073
388039144
38991345
631408873
475459207
134364093
649645248
986786108
459377508
187513463
459937650
636002586
613126970
32325904
293266938
515141672
157550996
500732505
427262932
533728864
189933940
730434183
368165694
659394540
333374769
962390719
895422294
638089963
545861227
980393131
674694692
918513114
604245594
144934355
498381953
384094369
440015475
226744092
821148430
428085397
680936661
655495400
788353943
731545750
389895833
303272316
378500125
200329334
858739721
41487533
492927417
658992854
932742962
99402436
810455291
93335184
719487856
373280992
291202368
29996602
459093440
858409363
475057775
673161562
136551427
667462816
482065528
289342370
196637098
675346902
781277485
856300360
898161154
750535871
223444700
873321487
642118236
121520958
657131594
510808529
606397697
367321160
865517466
503410802
816503626
912020766
409985913
980280635
378003633
926138359
23451930
156588563
301967774
774672435
688127483
951875725
52500420
337985685
563022482
452571665
839440791
337292456
795338498
771261759
225484390
336410020
246210422
191489599
652925095
803096860
870203721
705092090
705074249
964841989
194614485
204732787
663380286
694553687
496628114
414581968
802305021
964101472
420096633
203755342
418499725
524235656
385597622
269403511
330715501
169851974
556175207
190234595
433022949
89129906
724487855
333264213
605067626
343453085
181478437
958787418
832300320
703290373
929093207
248570917
879673261
961717447
820860728
893691192
866538620
819357633
886298947
159392907
143174044
888949401
914694833
628693001
289603659
982995203
213132944
258376822
41958458
926521728
200923995
765899038
576555775
865065760
35119227
703482319
425224305
76477142
284347093
321186325
483454757
25697750
692221972
882345504
247508071
347273500
112537476
355371654
125768793
426269357
402147621
348582083
841162691
386378664
713244886
221967698
305608831
374732786
892968998
69920460
754161909
848549891
121347367
929314259
373914839
145463424
21999891
159809111
301021098
114712491
528110989
47762131
737213125
997705566
909103104
835026781
509785689
319627867
432830926
580454169
788127265
384060600
800495985
449193294
54351693
80146877
354191606
363666316
469097486
99554337
796527084
653541879
45090730
654598056
945459387
927624407
284154396
791898437
629584782
695233469
137164388
374413740
508103051
778292709
910104610
923653544
715790925
180476853
645327508
409264557
34520021
446513665
968393286
391155943
883355243
29699645
954198897
632631438
920448592
344281057
559112934
48076335
732572899
908579949
915019580
615859585
524806494
157157456
448606934
789946371
6656942
465039662
525431757
232207025
866095345
235595612
370499755
451774051
967727468
637144567
274698270
41075901
452229082
865217714
343955737
231565203
13167682
271011782
515990813
482392587
802929310
237025519
592775893
900148597
121513423
11852754
839861517
500565301
461498335
965101289
980095370
337583378
560733764
250166837
760213645
256763833
781839249
684616345
353067536
75655022
763706817
893818881
242055520
573046922
666060306
298013505
885892171
322273709
343532594
893691192
431109710
565597308
845930305
865463834
35211536
258959342
618759791
622656299
656532989
525739393
564430267
119466662
250691394
704197168
64915739
459900448
351500791
51590973
930539385
238820743
355138613
787883878
985527958
539770099
862221178
634523782
255665000
668342714
604026051
379076579
778039427
822820127
870444894
986390578
972777815
999970844
27278590
847857695
741648737
267752066
744324574
864928222
362243763
810857012
243205136
718584973
787595679
198128784
927860936
471481461
945047972
86009378
976934091
8109311
930108289
716504387
166654015
906226948
612726000
875588951
814105209
885683125
408891116
60560791
132057536
116394259
747346725
636628546
70751759
302010162
565626871
374629715
668211285
225370311
145662053
229331843
747640800
933539876
953959009
626729372
744788996
913964997
858295237
623016493
127761246
735439779
141884082
313142738
113337139
694538379
545045298
714840027
73296954
178726799
778039427
714462852
428801594
464198728
842651002
30847733
641080188
896856985
574516462
387479188
814866076
295802945
98832597
589382029
74029988
820443640
724220688
707365217
729836162
154060030
661756212
21336113
8412861
998845046
758592940
837277712
625778582
444227519
77454857
805908828
363010625
76306495
478048139
869585757
441987922
569431141
26237070
133470195
763059790
109532022
840072015
426164069
816902933
496232951
598902457
204931371
173232180
218812850
555446658
153122272
385067716
509744240
496074848
277223892
468881314
289274538
504267825
959816845
560135226
941287293
521949839
374084941
331846715
48205000
896754069
251371135
290923003
333055304
371711261
610020685
587803942
296073197
320166910
670432880
570710920
352117649
340040874
56666704
269005767
403500124
767215281
808702930
615964284
558471285
22449109
465012931
223936015
326359356
682228524
463753285
261559574
197024099
650683434
821974063
107210739
461543279
29434169
180624291
469049980
973769579
907499471
553252467
900155968
626251184
103146969
859715471
280171723
87495532
231410037
581690148
160951713
834627957
641205727
5569467
691487359
534465124
687341139
342669217
888099109
410385320
443424489
573918884
550344438
459100004
830009493
249661186
277908565
925657787
543771371
401643538
988934884
362834017
165395669
488469943
213172581
785846431
294561533
109894337
381534633
836397717
936935622
801506339
346639079
297343581
315168374
193561824
38873112
800544424
324411986
349471041
850967150
508956679
825008226
676760297
114836839
209601379
372621248
994665790
749427668
478176798
345175349
844517822
16956181
888967395
844598668
503393412
94671484
722072690
890638948
749267289
554917576
696976227
536207730
901134019
438265238
846037570
750709039
171858342
724288801
397260923
508887608
398624396
74513374
999695685
979379011
27766946
860346052
477180629
3628153
67791610
761217530
979435568
378866823
508044673
499399470
172352236
974026901
339324725
115675114
191489599
548756631
610682796
160683058
673651517
559522063
216413412
418318985
857338523
470267500
5228371
137652597
186042613
964440355
945644212
542417891
359862335
820084007
80085924
161190638
21104116
863436028
514425206
28979330
758366651
298388408
380547343
494880903
384277509
797166982
660171678
361231438
667282255
766175526
776973403
131357854
163832032
814522564
911532466
848567513
478946544
322851498
963476629
145078753
510979059
134543676
260923953
44271724
73508486
4662022
695899463
244765329
914084121
341644305
845209308
501869422
452470506
426050635
321429551
602154105
678448060
562458536
52736827
9680428
511216236
624456270
787752075
683253579
146123187
868247799
881417665
140076789
632623552
111665048
214885388
444579881
267435319
544947307
124142803
221966353
609270013
290846844
809950057
14572731
797044208
850553059
529614537
952234341
547862797
384502131
916244690
209830469
660951653
956724532
985097164
863509853
772958933
905850625
20366489
154332755
55942748
521690335
517635689
109033209
765717575
418084345
27406876
49387898
301721230
803096860
298869323
751590770
674687913
808350305
475008863
689404813
908364066
295529263
712628606
96119413
651268846
265009201
748593137
664853368
534111064
940302370
208490446
85898207
195839629
607429838
666690131
647485689
757027213
285564051
883652586
967683052
834243059
742897291
743246240
494674526
688373406
526227276
644219896
2788848
242925196
964123458
818479609
505602673
365698643
496512326
389908420
947675984
788807603
564674251
988210574
104485347
372814869
715548953
443597486
355069189
325506771
735968442
895770989
145085550
290189238
801171329
357093638
197376442
335144498
745185876
731941599
144876688
564000299
464468917
266634745
609395801
262808512
330514315
428480508
509104887
279448798
49963385
112022946
806950650
616899522
931095853
622627555
679795467
315216141
376759680
758159151
196539320
922245573
545387020
917516026
332436978
128936485
587893650
349009543
203767960
217962795
413325490
507137227
264257113
264206222
916197965
745441161
796704118
983897432
104410697
497626586
924486903
169854943
365166425
247433724
11529885
605111908
412040776
552035984
338832748
205333124
531809541
366070940
920791104
253949924
36650079
330771197
105962101
276536248
710198589
232949712
819554873
382160934
223670605
424933556
182810634
891668141
324581942
632024079
286713952
229270685
483359903
283883880
686477098
943647898
803027876
189935458
613932673
818921079
101612750
610901840
252637058
564216703
21120906
319627867
847275522
564159792
174188094
85315550
260179524
665179097
664875461
396916647
961203050
842646082
772520678
172645887
292089525
33727268
951113833
728289563
904221842
37581590
379376034
819357633
194922692
870423436
776956257
221360467
432223489
638236609
420360743
398974174
815553514
742862699
503104200
319150025
602512203
704071595
907555269
905596098
725606103
339362219
287528648
534293847
436000470
749692532
788974533
96427266
925975059
90257402
720449330
893102625
223197349
472581839
513055995
119438500
826284708
253197583
439478907
923301898
904633887
424561050
431107420
54983316
314223423
855115936
958054634
507926923
278849764
187109374
176117373
441032692
916794499
452413080
286865023
502842528
61909803
311957631
510715404
503979880
950908502
989189801
578741346
580868750
401565958
230354326
768503507
940679558
11013800
595526139
701603895
434506946
690629356
633509465
941362875
944927309
404460270
591466509
948808694
783885070
851030856
556177225
320032771
841717288
70591452
751242910
968227568
316698838
894907749
519575304
974440544
911925468
974595959
976603768
385254843
250145695
950109153
174885997
744813215
854549768
585161808
146140386
533289226
360724108
511363303
268235996
8992936
766655445
465413726
756538458
643643399
306826186
591001579
555813516
534866349
953114420
86046526
319102617
313840949
670109897
502434784
394458411
647384274
973397696
523114027
252093905
327847880
651221362
652632421
796835614
890609721
75809795
757449094
716476348
37110095
432278198
23105314
581162273
717355835
932536826
367309240
970207554
382346489
155367010
779809571
231805024
433326568
631723195
451180529
991835782
262042592
454334387
432431975
770749260
148479130
565934921
633185000
908665341
203549724
788648631
932238309
87654419
81671023
349096186
785434925
346095576
940203190
43854200
528610325
699504132
429505617
3361847
983002180
457826551
508463918
861481467
281375193
593906082
920005444
957730830
815194659
819294802
384748082
123204181
198363040
308761064
464769201
245298528
168775292
61500699
158016976
366830371
197602415
181014347
314842096
66151269
608705383
732547745
789994050
589971780
303928163
428614455
711758003
334602135
778258604
309429976
439925929
311990605
27002503
817660517
360527715
899031530
774900441
117954471
94585218
57870307
159808624
461775522
498223060
460883908
9965911
515435313
987545429
889352276
762489931
464769081
925735903
393035387
692388803
345585605
771717890
757405010
139189833
946646108
432475474
373785748
81879492
863009369
107163425
997651445
264180337
356139163
677262351
889376169
51157634
27625679
646168637
142400572
557443697
81964010
504122143
33306812
962390719
498878511
112232740
25915388
918422090
151044920
761036705
836714405
682781640
349070808
939495863
302715883
631151391
177074881
244437937
736360244
301627829
432022645
693203340
756790047
931144718
948335839
782259440
993995909
774635738
423635061
516606676
741597009
628719908
462539936
416048238
809676059
891533018
600807177
295028503
367455093
943230447
297676116
982871955
893677724
659051563
433675852
56424600
534744755
591093509
224800340
774063983
619299804
312374434
682288739
37503449
45653285
644588264
874393536
527688872
672277950
436588805
695402458
213368065
996194867
212615650
867480137
609229259
109980490
525342933
335560352
162544066
204877617
892530417
636956637
195302928
858584369
252263225
261793227
452446314
105054255
434832451
960047344
916120978
818630825
800252966
415756807
640143333
220749908
992941316
919013739
62513015
852148091
548166786
465501020
91304894
600275282
375586719
743454181
842565522
584911121
139300111
709918414
904450295
753636805
498791338
274095549
178724075
121131811
351974416
589522676
843362286
263818963
395317322
450608360
931516149
425674261
983215414
723376572
299028134
386910507
614339581
174221721
962501323
672039313
230173780
975284264
73337717
855133024
104878105
349415430
351761
635422750
141968974
118588650
381043441
296146223
811088230
414406158
218078389
168439103
972039153
987844960
820085099
400499264
75830776
573271314
368663023
550782978
733474633
588969516
359385400
928717974
219137383
300056453
349162234
499485807
945256457
547639620
535879064
384586171
771231645
689807527
324283402
45152349
541010821
825312472
623663311
211835095
570826402
242248122
530296501
215413888
274063336
469491492
334465378
981758497
515342278
409372983
582115873
740803323
702689210
585512391
298647897
851550473
667516747
820723084
651186027
576886380
75410276
86037140
21120906
131703403
595027782
223703607
27263393
944399005
523688928
834623676
529376706
164203580
802305021
236390201
821828606
177436435
953323263
985913935
901627394
834202099
530770718
528867381
925110070
549939635
973531449
376048098
740811900
301721230
176586123
271606999
579187933
687941901
370161276
245003716
526830323
421472729
311435680
54681079
524427844
390331690
929591990
410341472
429128822
698427362
238139581
221668080
486407793
340961130
998404039
999928775
181666993
548511493
244263142
590690119
327073158
853434566
564166948
886876864
133248210
760532312
230842064
926522885
556221436
592040635
632026124
359589538
658085199
244908166
243648798
603533830
703404039
466932431
717480279
945631950
967070342
314326839
998804662
920610720
875248399
5861828
428912735
363055367
827462436
333119983
396239406
640964823
900499197
710623750
665362094
872760019
30629210
63706835
382022648
739176098
423578498
537244054
443682525
755696696
21421451
808392683
654060242
157979481
842253788
840692223
594663130
741248895
620177611
436072805
977880975
670010158
782252822
195353866
459224953
48940124
563498788
94850603
502434784
853834161
575848844
605196605
633811565
407797641
628358895
917679144
684510346
571500037
864892894
705333193
12617824
411144966
901293304
341569331
349089735
594609379
157565168
178765324
196401693
464555890
293381939
390555058
472358205
29268224
744649661
762488204
663183645
300700744
61032051
913267872
992615478
175177708
302715883
301632425
553742561
844538708
93619243
753005978
523250985
472630947
360684383
326206102
640066967
748167092
106052180
725405291
960682111
817423178
824488935
715086737
118080926
7802921
390766475
237962143
553459888
916016972
554633525
989404248
162554176
563704112
59569018
910293440
132836752
973698208
125065816
213694298
973114806
637275906
195289012
268975325
201580605
235657562
451958830
739485560
808587038
366176191
812125685
358869340
31037542
429515212
299808035
305240953
941443159
596399017
973109332
279917653
8201420
440889979
606723253
220250405
668635917
293762134
939051109
858659752
892530417
888557551
613240960
94778588
813706800
265365579
160862072
161285536
80324652
511532026
125226516
970262842
785851031
982052325
910228867
497642307
195307764
825229156
215286057
688556685
393707185
429283081
222983892
692640254
711147309
515032509
166539072
358624999
813910450
329997408
645298372
161265065
707761037
639481217
975086250
577832672
463980826
122787743
64344051
951041352
596451037
23935947
100634143
732765136
515624602
681850812
678087659
701127130
824331714
636422739
992094535
920886351
624675991
732554564
285326938
305398819
917176418
133991502
371779027
841253519
271727171
901152604
355936222
193822887
974970333
578495147
678639384
544386397
712141138
141168146
373925717
961886923
999753400
380803152
881133697
692284698
584304990
201335660
711397026
992266832
456606023
639234283
825358913
109249639
364670358
491963392
995586540
708507317
380737964
474116428
194831633
938566134
852511425
56060087
624145979
836282289
983281109
991403697
564261349
529105721
309834101
703567730
306677205
232381332
947103215
701738066
392614309
404840613
112531630
330507447
570968968
83886758
240708958
989782047
442948514
550227315
357847569
542068872
736966347
556623204
256235610
483044189
993926634
605711326
312296264
327196597
935690382
278582616
67142737
838881600
997828225
798536822
992286637
176898834
869260348
86531278
326612639
702036838
307405244
737217065
101568119
181824772
386759251
388039144
312339931
773074058
184046323
427392347
474120883
120650770
79576461
436232234
969972202
586543909
927923435
345410720
767460253
139510015
703692195
315420791
471178978
761662918
784061909
722153830
282359470
347944778

