78
3 6776874
43 1600645
10 826340
3 484857
61 1043478
29 9723785
6 2129652
5 8157669
36 8451706
1 3492701
86 6657447
68 7072579
73 6569291
100 5026530
4 6966823
83 7496612
6 7565909
83 901476
30 1101545
65 1069415
23 9338859
98 4447127
84 6925975
71 4326576
18 1227139
44 9226858
71 2000736
75 6336166
63 3757345
45 7088784
98 9742206
74 1833469
19 6481710
3 2332041
80 5142929
51 7060015
58 2960536
20 658497
72 4216509
73 9354552
4 2302655
55 1828332
3 5596519
5 9327223
70 3861259
97 3221309
47 9714632
90 7881646
71 1290480
29 1892828
21 3665541
51 3336117
36 1955052
32 1009493
60 1740575
39 3878916
96 6385754
77 5289196
15 1817678
26 8478255
33 7488814
32 2183935
40 9284800
31 736996
50 3582214
9 3456493
66 332776
74 7465119
88 657293
55 5770325
31 1812322
23 6835238
58 7076117
96 6894604
62 1898211
77 4591034
96 7419961
62 2850552
