3
2
1
3
1
7
0
27
3
2
0
1
208
3
1
1
1
0
0
1
0
0
2
4
0
3
0
22
0
0
0
0
0
0
0
0
1
0
0
13
0
3
0
0
0
2
0
0
0
1
0
56
0
0
3
0
194
0
0
0
0
15
0
3
0
2
11
4
3
0
1
3
0
1
2
2
0
1
0
1
1
1
0
0
0
2
0
0
5
0
47
0
0
2
1
1
3
10
0
0
1
2
0
19
35
4
6
0
0
4
0
0
0
1
0
0
2
107
0
0
0
0
3
0
0
0
0
0
0
3
8
0
3
0
0
113
0
0
7
2
0
4
0
1
0
0
0
0
0
7
1
16
0
1
8
2
11
0
2
0
3
0
0
14
0
0
3
4
1
0
5
1
2
5
0
6
1
1
56
7
0
3
0
0
0
0
4
1
0
2
1
5
0
5
0
0
0
0
1
1
6
1
1
1
0
1
1
0
0
5
1
0
0
0
3
0
5
0
0
7
12
129
2
1
0
0
0
2
4
0
0
0
0
0
0
0
3
0
1
4
0
1
0
0
4
0
0
134
1
3
0
17
2
0
1
3
5
0
0
1
1
5
0
2
41
1
0
1
1
1
2
0
0
2
0
0
0
3
0
0
10
0
2
0
0
0
2
1
0
1
0
1
0
1
11
1
1
1
0
0
1
3
1
6
1
0
8
1
1
1
0
7
1
0
6
0
2
0
0
0
14
3
0
0
0
3
1
9
0
0
1
0
0
8
15
0
1
1
4
1
2
9
14
35
0
0
0
0
2
0
5
1
4
1
8
0
4
0
0
0
1
0
0
0
0
0
0
1
3
5
1
4
26
0
1
0
0
0
2
0
2
0
0
1
0
18
1
1
1
1
0
16
0
2
13
7
0
92
0
0
0
0
2
0
0
1
14
0
0
1
1
0
0
8
1
0
0
0
0
4
0
1
3
0
7
0
0
1
7
1
5
1
0
9
0
1
25
0
0
0
0
16
7
3
4
3
33
0
1
18
1
3
0
2
0
15
3
0
0
2
0
0
1
0
2
0
0
1
1
0
0
2
2
0
3
18
0
9
0
0
2
3
0
0
1
0
1
0
14
9
0
2
0
0
3
116
0
7
0
1
1
1
2
0
1
0
36
0
0
19
5
4
1
0
11
13
5
0
1
10
1
0
1
0
1
3
0
2
0
0
0
0
4
5
9
1
3
395
3
0
27
0
0
0
3
6
0
0
0
0
1
0
2
0
0
2
2
0
0
3
0
0
1
3
0
7
3
0
0
1
10
0
20
0
0
0
0
1
1
8
4
0
1
7
0
25
0
0
1
0
1
2
8
175
18
1
0
1
3
452
0
0
0
3
1
0
0
1
0
0
0
0
0
0
2
0
1
0
0
2
1
3
1
0
2
0
4
0
0
3
5
1
0
0
1
0
0
37
0
0
0
3
0
0
3
0
423
3
0
2
2
3
16
0
0
2
1
0
0
0
6
9
0
1
9
0
0
0
2
17
1
4
0
0
0
1
0
1
0
33
2
3
1
5
0
4
18
0
0
1
0
25
5
3
1
0
1
2
7
2
0
0
1
1
0
0
0
0
0
3
11
1
0
0
9
0
0
0
0
0
0
0
0
5
14
1781
0
0
16
0
0
0
0
0
1
0
1
0
0
0
0
0
30
2
0
8
0
5
2
0
0
0
0
3
0
0
0
9
0
0
5
0
0
1
2
0
0
16
0
0
0
0
0
6
2
0
0
1
0
0
1
0
3
0
0
0
1
1
0
1
0
1
0
0
2
0
0
0
0
4
0
0
0
0
1
24
10
0
0
14
0
3
0
0
1
1
1
1
2
0
5
0
0
1
0
0
0
0
0
0
0
0
1
0
0
8
0
1
0
5
1
3
1
0
25
13
0
1
1
0
0
0
11
0
5
0
0
191
0
1
0
2
0
10
2
18
15
6
16
2
0
0
0
1
9
1
7
0
0
0
1
0
17
0
0
8
1
0
2
0
4
5
367
1
3
3
0
0
1
0
1
2
0
0
21
2
0
0
4
0
0
0
4
2
0
3
1
0
0
0
6
0
3
60
0
0
1
8
0
0
2
0
0
0
7
2
0
16
4
17
0
14
0
0
0
0
0
0
2
9
85
7
7
0
0
3
1
0
3
0
0
19
3
0
0
0
6
2
0
0
2
0
0
0
3
0
0
1
1
0
1
0
0
0
0
0
4
1
437
2
0
0
0
0
0
1
3
0
0
0
2
4
57
24
0
3
35
0
0
0
0
1
1
0
19
2
0
3
2
0
0
96
0
1
0
0
0
29
1
0
158
0
16
0
0
0
4
11
2
5
1
0
3
146
2
0
0
0
4
3
0
0
4
0
2
1
0
0
153
0
0
0
3
1
0
0
1
21
0
0
8
1
0
0
0
0
4
0
0
3
0
0
31
21
0
4
0
2
34
1
1
0
5
0
0
0
0
0
0
18
0
0
1
0
0
1
0
0
1
0
0
2
2
0
8
0
1
2
6
0
0
3
0
5
0
1
5
0
1
2
1
0
1
7
2
0
1
0
17
0
0
3
0
3
13
1
10
0
14
0
0
0
5
0
31
0
0
13
0
8
6
7
1
0
0
12
0
0
0
92
1
1
0
6
0
0
1
1
0
1
2
4
589
1
9
0
0
5
0
9
0
0
1
0
1
0
0
0
6
68
24
1
0
3
0
2
0
11
3
1
31
2
0
0
1
3
0
1
2
0
0
90
0
0
0
0
3
5
1
0
0
11
4
0
21
0
0
7
0
0
2
1
3
3
1
0
2
3
251
1
2
2
0
0
5
1
1
381
0
0
1
0
0
2
8
1
18
1
0
0
0
0
0
0
0
1
0
0
0
0
10
5
9
0
1
44
0
1
0
1
0
0
2
0
22
0
0
20
13
0
0
0
1
2
0
0
4
0
4
0
0
0
0
2
0
0
1
1
1
0
0
0
22
4
3
0
0
3
4
2
0
0
3
0
0
0
31
1
0
0
6
0
0
2
0
0
4
2
0
2
4
0
10
15
1
1
2
2
0
12
0
11
1
0
4
0
0
0
12
15
0
1
2
0
1
0
0
1
0
1
4
2
0
1
2
6
0
0
5
2
0
0
0
5
3
0
0
0
0
1
1
3
1
0
0
3
1
1
0
1
5
0
1
0
2
10
0
0
94
0
3
6
0
0
2
39
0
0
0
0
1
0
1
0
0
0
1
0
2
0
0
1
2
0
15
0
0
0
0
1
6
1
8
1
6
0
1
0
0
5
0
1
5
2
4
0
1
0
3
0
1
0
5
0
0
0
1
0
3
1
0
0
1
0
3
1
1
1
4
1
8
1
0
5
29
1
0
5
0
33
0
0
0
2
0
0
1
1
8
2
1
29
2
12
0
9
0
16
2
4
36
0
2
43
1
0
1
0
0
3
0
0
1
1
2
0
6
0
26
0
3
0
0
2
3
1
0
0
2
0
0
4
0
4
0
0
2
0
33
1
2
0
2
0
0
2
0
0
5
4
0
0
1
1
0
1
6
0
0
203
0
3
0
1
0
0
1
0
0
0
193
0
0
7
0
1
0
169
6
1
0
2
27
0
0
0
2
1
0
0
0
1
0
13
0
9
651
1
134
0
0
3
1
2
0
0
0
2
11
3
4
0
7
2
1
1
4
0
0
1
9
0
34
0
1
0
2
0
2
0
0
0
8366
0
1
10
3
0
5
1
32
8
14
0
1
96
1
1
0
0
0
0
89
11
0
1
0
0
2
4
1
6
48
1
0
0
0
0
3
0
0
2
3
1
0
0
0
3
16
0
2
1
0
0
5
1
2
0
2
1
6
0
1
1
0
22
0
1
0
0
7
0
0
2
3
0
4
1
30
0
6
0
0
7
478
0
59
0
4
0
20
1
0
0
4
3
6
4
0
2
2
2
92
0
3
1
1
0
8
42
1
0
0
0
2
1
0
0
0
2
0
0
12
2
0
0
4
0
0
210
0
0
4
3
5
1
169
1
0
0
0
8
1
1
1
8
28
1
0
0
0
0
1
18
0
5
0
0
2
0
0
1
0
9
1
8
0
0
1
0
0
0
1
0
0
10
0
132
5
3
12
0
0
0
0
26
1
5
4
0
1
0
0
1
0
7
0
25
0
4
5
1
7
3
1
1
10
13
6
0
0
0
0
8
0
1
0
0
1
0
15
0
7
28
1
2
1
0
2
0
4
26
1
1
0
0
5
12
12
0
0
0
5
7
0
0
0
5
2
15
10
15
0
0
8
0
0
2
1
0
4
5
1
1
0
0
1
5
0
6
2
0
15
0
0
0
0
0
1
2
1
0
3
0
1
1
0
387
0
0
1
3
1
0
6
0
13
0
7
0
2
0
4
2
0
5
0
1
0
1
1
0
0
0
2
0
0
0
2
1
11
0
8
1141
0
0
14
0
0
0
0
0
0
0
0
0
2
3
3
132
1
0
0
3
0
0
0
0
0
3
1
34
0
1
0
1
2
0
1
3
2
1
0
0
0
1
2
2
1
1
3
3
3
0
3
0
1
0
0
0
0
0
0
0
0
40
0
0
0
1
2
0
2
0
0
0
0
0
12
0
6
1
2
0
2
0
0
0
0
0
0
0
0
0
0
0
1
0
1
0
0
1
0
1
3
0
7
0
0
1
1
0
0
0
20
3
1
5
0
0
0
2
11
1
13
0
0
2
0
0
0
4
0
0
9
17
7
0
0
0
1
1
0
1
36
0
0
0
5
0
0
2
5
1
0
0
1
0
0
41
2
0
1
0
4
0
0
0
1
6
27
0
2
0
0
1
146
6
0
0
0
3
0
1
48
0
0
0
0
0
1
4
0
0
1
4
0
2246
0
96
2
2
0
0
0
0
9
32
4
0
0
0
0
0
0
0
1
2
15
0
0
1
4
2
2
21
0
0
0
0
0
0
15
3
0
9
0
0
0
30
0
17
4
0
1
4
4
0
9
0
1
0
0
0
1
2
0
6
1
0
3
3
1
0
0
0
6
0
9
0
6
17
0
153
1
1
6
1
0
3
1
1
0
0
1
1
5
1
0
0
2
2
0
1
5
1070
8366
1
0
1
1
0
0
1
0
0
0
68
4
0
2
0
0
0
2
0
1
1
3
0
0
0
0
0
1
0
1
0
0
2
11
0
0
12
0
0
88
1
1
4
0
2
0
0
0
3
0
0
221
0
4
0
0
6
0
3
5
0
0
2
1
1
1
98
0
2
0
0
0
1
0
0
39
0
0
25
0
3
5
1
4
16
1
31
8
0
0
1
0
0
0
0
4
1
1
0
1
17
3
4
0
0
0
3
15
0
0
0
0
0
0
0
0
26
0
0
0
0
2
0
0
0
0
0
7
0
2
0
0
0
1
1
0
2
1
1
0
1
14
0
0
5
10
0
1
1
0
0
1
6
34
8
1
4
1
1
2
8
0
0
0
8
0
50
0
2
0
0
0
3
14
0
0
50
34
16
0
0
0
16
1
1
1
0
2
0
10
1
1
9
0
1
0
0
0
0
1
0
0
1
1
0
0
2
2
0
0
1
0
0
3
0
0
13
7
0
2
0
115
3
1
0
0
0
4
81
0
0
0
0
3
1
1
9
0
36
0
5
14
0
11
0
4
0
0
0
0
4
3
6
10
4
1
2
0
0
12
1
1
4
0
0
3
0
2
0
0
18
14
2
1
1
0
0
0
2
0
0
0
1
0
8
0
0
3
1
1
1
2
4
0
4
1
4
0
0
9
0
0
1
1
0
4
0
1
0
1
0
1
0
0
2
0
9
0
2
77
0
3
0
1
2
0
2
5
3
1
1
3
1
0
0
0
2
0
1
0
0
0
2
1
2
0
0
1
0
1
1
1
0
0
2
1
0
0
0
0
1
4
0
1
7
0
0
0
14
0
0
5
0
2
0
1
0
2
0
0
0
0
4
6
0
0
3
0
0
7
1
1
0
0
1
0
0
3
2
0
1
2
0
0
10
2
16
0
9
103
0
0
1
1
1
0
0
1
0
0
1
8
4
2
0
0
0
0
4
0
12
0
0
2
0
2
0
0
1
11
2
0
2
1
5
4
0
0
4
2
1
1
1
0
0
0
1
0
0
6
0
0
1
7
1
0
1
1
9
0
0
2
0
0
0
1
6
0
0
0
4
5
1
9
52
0
4
0
2
1
2
0
18
0
9
4
1
0
32
54
1
0
0
2
2
2
0
0
0
0
0
1
19
9
0
0
1
1
0
0
4
0
0
2
0
2
0
0
5
0
0
1
3
0
1
0
2
0
0
10
0
0
0
3
5
0
0
2
0
0
9
0
0
5
131
8
0
6
0
1
9
0
0
13
1
136
2
2
3
0
14
0
0
0
5
0
0
2
0
4
0
0
4
1
0
1
15
0
3
0
0
11
0
0
0
0
8
2
1
0
102
1
0
0
0
0
7
0
0
2
0
11
0
0
5
1
1
0
0
2
1
0
18
54
0
0
6
35
11
3
0
0
1
0
0
1
0
15
1
2
0
0
3
0
0
0
0
0
0
3
0
0
0
9
0
0
0
0
0
2
0
0
0
1
1
3
0
2
1
1
2
0
0
0
2
4
1
0
2
0
15
8
2
0
1
0
13
0
0
0
2
0
0
0
1
1
0
0
8
0
1
0
0
0
1
1
14
0
116
3
5
0
25
0
13
0
0
0
0
0
5
1
1
0
0
0
0
0
1
1
0
2
4
4
9
0
3
4
1
0
1
1
2
6
1
7
0
0
1
0
0
0
0
0
3
0
0
7
0
4
0
0
21
0
1
0
1
0
0
1
0
0
7
9
87
4
8
0
4
4
2
10
0
1
7
0
0
0
8
0
1
0
0
5
0
0
35
0
2
1
0
0
2
81
1
2
29
1
0
0
0
0
4
10
0
2
0
0
2
2
0
1
0
0
2
0
0
3
1
0
0
0
10
0
0
0
0
2
1
2
22
26
4
0
1
5
0
28
15
5
0
2
0
1
1
1
0
2
0
0
1
1
0
1
2
2
0
0
0
0
0
5
0
0
0
9
4
1
0
13
0
0
0
1
0
0
1
0
1
1
0
1
1
1
0
1
2
0
0
2
0
36
0
0
19
1
0
0
0
0
4
0
0
6
0
33
0
0
0
66
1
0
0
3
0
0
0
0
0
0
0
1
14
0
0
1
0
0
2
0
0
0
0
0
0
1
0
5
0
2
49
2
5
0
0
3
0
1
0
1
0
0
550
0
4
0
3
5
3
1
1
0
0
0
416
0
1
2
1
0
48
0
4
13
1
17
0
9
0
3
0
8
8
0
4
1
0
1
3
1
1
10
2
0
0
0
28
0
0
1
0
0
1
1
1
11
0
0
1
1
0
0
4
23
6
3
4
1
0
1
3
2
0
11
1
0
0
0
0
0
1
1
1
2
0
0
0
0
9
0
0
0
0
1
0
5
27
0
3
3
0
0
0
0
0
0
2
0
0
0
0
1
4
1
5
0
0
1
0
3
0
8
1
2
0
2
4
0
1
4
0
0
1
0
5
0
2
0
5
0
0
1
0
1
0
5
0
4
4
0
0
0
1
0
0
0
1
0
1
3
16
0
2
1
0
1
26
0
0
0
0
0
2
1
0
0
2
0
0
1
0
0
0
0
0
0
0
1
0
0
0
0
0
0
0
0
0
0
1
4
0
0
2
1
323
0
0
2
1
5
0
0
0
0
2
0
0
0
0
0
0
1
3
0
1
1
0
14
0
0
2
0
1
1
4
1
0
1
0
1
0
0
0
0
0
0
0
0
0
1
0
1
12
0
1
2
40
1
7
1
0
0
3
1
0
1
31
0
0
2
0
3
0
1
67
0
1
2
11
0
86
0
0
9
0
13
4
0
2
0
4
4
11
2
0
0
0
0
4
0
0
0
11
1640
0
2
7
11
1
2
1
0
0
1
0
11
4
1
3
1
8
0
2
0
0
0
3
5
0
52
5
36
0
0
0
2
0
1
0
1
0
1
2
0
0
1
0
4
0
0
12
1
2
0
0
1
1
0
19
2
0
0
0
1
1
14
7
2
0
0
2
0
1
0
1
1
0
3
4
1
1
0
2
0
1
0
0
1
0
153
1
1
0
14
0
0
1
1
2
4
0
0
1
0
0
1
0
0
1
57
0
3
15
2
10
0
0
0
0
4
0
5
0
0
0
0
0
1
0
0
1
0
0
0
1
0
7
0
3
0
1
0
1
7
4
0
2
1
1
0
9
1
405
0
0
0
0
0
8
0
0
0
0
0
0
44
0
6
0
0
0
0
0
2
0
0
1
0
0
3
1
3
0
12
2
0
0
0
2
0
546
0
4
0
0
0
0
0
0
5
0
0
42
0
0
2
0
0
1
4
20
2
3
0
0
0
2
3
1
1
0
0
0
0
0
83
3
8
2
0
2
0
12
2
6
3
3
65
0
0
0
2
91
1
0
2
6
0
3
5
5
0
4
1
3
4
0
1
0
0
1
0
0
0
0
0
1
0
1
2
73
7
0
12
3
9
2
4
1
0
1
0
0
1
0
2
0
0
4
0
0
30
0
0
0
0
6
471
3
19
10
0
0
0
1
4
7
0
2
1
0
0
0
2
0
5
1
2
2
8
0
0
0
0
0
0
0
8
3
0
1
1
1
5
0
2
9
1
1
0
0
0
0
0
3
0
0
3
0
1
0
0
5
7
17
1
1
2
0
0
0
0
0
1
2
0
6
3
2
0
7
0
0
0
0
12
3
0
0
4
0
2
0
1
5
0
0
0
1
1
2
1
0
3
0
3
0
0
6
7
1
1
0
10
2
0
0
1
4
1
0
3
1
0
1
0
0
0
0
0
1
0
2
4
0
0
1
0
7
2
17
16
0
0
0
0
0
7
0
1
0
0
0
5
1
1
0
0
0
0
3
0
13
0
0
3
0
0
0
0
8
0
5
0
10
4
0
1
1
0
1
4
0
0
1
1
19
5
2
6
0
0
0
0
0
0
1
3
0
0
0
1
0
0
5
0
17
2
0
0
2
2
10
3
0
0
0
0
1
0
0
2
3
0
0
7
0
1
1
2
1
0
0
1
4
0
0
1
2
0
1
0
0
2
0
27
0
0
2
1
0
0
0
92
0
0
0
387
0
0
111
0
0
0
1
0
1
2
1
0
28
3
0
0
0
1
2
1
0
0
1
0
0
0
3
0
2
10
0
0
0
0
2
0
1
184
0
5
1
0
0
0
2
0
0
0
1
0
1
0
41
0
1
0
0
0
3
8
0
2
0
0
0
0
2
75
8
0
0
3
10
4
8
0
22
1
0
1
0
1
1
1
0
0
0
1
4
2
0
9
5
1
0
2
2
0
2
3
6
0
0
9
6
5
3
1
10
0
0
0
0
1
4
1
1
0
0
0
5
16
16
0
5
1
36
0
11
0
0
0
1
4
1
0
0
0
0
0
0
0
1
0
2
1
4
1
0
1
1
0
0
0
3
3
3
7
5
0
2
3
1
0
0
1
1
0
0
15
0
3
5
0
0
2
1
0
4
0
4
0
1
0
4
1
0
3
0
0
0
0
0
0
0
0
2
0
4
0
0
7
10
2
0
0
4
0
25
0
2
3
0
0
0
0
0
1
0
1
0
140
13
3
0
0
5
0
1
12
0
7
0
0
0
1
0
0
14
1
1
11
0
1
0
1
1
1
2
150
3
1
10
0
0
1
1
0
0
2
0
0
0
0
1
11
0
5
0
3
0
14
1
4
11
2
1
1
0
1
0
2
19
0
0
0
17
43
1
0
0
0
0
0
0
1
0
2
2
0
0
0
0
0
0
0
0
8
0
4
0
0
0
1
0
0
1
0
1
1
0
0
0
5
0
18
4
1
133
1
0
0
5
405
2
0
0
6
0
1
0
0
1
0
1
0
5
0
4
5
3
1
0
0
0
1
3
1
0
4
2
4
0
0
1
4
0
1
2
0
0
7
2
0
3
0
3
1
2
1
1
8
4
0
0
0
14
0
0
0
2
0
0
6
12
2
0
0
2
0
2
0
1
6
0
0
1
1
0
1
1
0
4
0
0
1
0
0
0
1
0
0
1
0
5
0
0
0
0
0
0
8
0
0
4
0
0
2
2
3
1
2
32
0
4087
0
1
1
0
1
1
13
0
0
1
2
0
0
1
0
4
2
0
1
0
0
1
0
2
1
0
3
6
0
0
15
0
0
2
0
0
4
2
0
1
4
0
0
6
0
572
5
0
0
10
4
17
4
0
0
0
0
0
4
0
3
0
198
1
0
0
2
11
0
0
0
0
0
4
0
1
2
0
2
11
1
0
0
1
1
9
2
0
2
6
0
0
5
1
1
0
0
59
0
1
2
4
0
0
13
0
3
0
1
1
1
3
0
6
0
70
5
0
25
0
1
0
5
2
9
0
0
1
1
0
0
1
4
27
0
0
1
0
0
1
0
0
1
0
0
191
2
0
0
1
5
1
1
1
1
7
2
1
0
0
3
0
0
0
0
38
1
5
1
0
1
0
0
0
0
1
0
3
1
2
0
6
1
1
0
0
8
1
3
2
23
2
0
1
0
1
0
0
0
20
4
1
0
0
0
1
0
0
0
0
1
6
2
0
1
2
2
3
96
0
2
0
0
0
10
4
2
36
0
0
1
2
0
3
0
0
0
1
0
1
0
0
4
0
0
1
0
1
0
0
0
0
0
1
4
12
0
2
2
0
1
0
0
0
0
0
0
2
0
1
2
6
1
5
3
2
34
5
5
0
163
0
5
2
0
2
2
3
0
1
0
0
16
4
1
1
0
14
9
0
4
19
0
59
0
24
0
8
0
0
1
1
0
0
0
1
0
3
8
0
0
1
2
0
0
0
4
103
0
0
0
0
0
3
0
0
1
0
0
25
6
1
4
2
3
0
4
2
0
0
2
1
1
0
0
1
0
1
0
0
0
7
0
56
186
1
0
0
0
0
47
0
0
1
1
0
0
0
0
0
0
2
0
1
2
9
0
0
1
0
0
0
1
1
10
0
0
0
5
1
1
4
1
1
10
0
4
0
0
0
1
3
174
0
1
0
113
3
0
2
5
0
4
105
0
0
0
0
6
0
0
0
0
0
1
1
0
2
0
1
0
9
0
13
1
2
23
0
0
0
0
1
2
0
0
0
21
1
0
3
1
3
0
0
0
6
0
1
0
3
1
0
0
1
0
1
0
0
1
12
2
3
4
3
1
0
0
0
1
0
2
1
1
16
0
0
0
1
7
0
0
0
5
3
0
0
2
0
1
1
0
3
1
0
0
0
2
0
0
0
2
1
0
8
1
0
0
0
0
0
1
3
1
0
0
1
2
0
0
6
0
0
0
1
0
1
2
0
5
0
0
0
15
0
24
6
0
55
0
0
6
38
1
0
0
2
0
113
1
3
0
13
8
1
1
0
174
0
0
0
0
3
4
4
2
0
0
1
5
0
0
4
9
0
2
0
0
0
1
0
1
0
9
2
1
0
0
0
0
0
51
0
71
2
0
0
1
6
0
1
1
0
0
2
0
2
0
1
0
0
4
0
2
3
8
1
6
0
0
1
0
0
0
0
1
0
1
0
5
0
0
3
1
0
0
13
2
0
1
8
0
0
1
7
5
1
2
0
0
4
0
4
14
0
0
2
0
3
0
0
0
0
0
0
14
0
1
0
0
0
18
0
2
3
0
2
1
16
0
4
0
153
3
0
4
8
1
3
7
0
0
0
2
5
0
0
0
9
15
4
1
0
0
2
0
0
0
0
0
0
0
0
13
1
1
10
1
0
0
0
0
2
0
0
0
4
2
0
1
0
0
3
5
3
0
0
1
1
0
0
0
0
7
0
39
21
0
0
1
3
0
3
0
1
6
0
1
0
2
0
0
0
10
2
0
1
1
0
0
0
10
0
0
0
2
21
14
2
0
1
0
4
0
0
0
0
4
1
0
3
0
0
2
0
0
6
1
126
0
0
4
2
5
2
0
0
0
20
0
12
0
0
4
2
2
5
0
0
0
7
20
0
2
2
0
17
0
0
0
0
0
0
0
1
0
0
0
0
0
1
0
0
3
3
0
0
1
3
0
0
0
0
0
1
0
29
7
0
30
31
0
0
0
5
2
0
2
8
0
0
0
17
1
0
10
0
0
1
2
1
0
4
19
1
0
0
2
0
0
0
0
0
2
0
0
5
2
0
3
0
0
4
0
0
0
0
0
5
2
13
2
0
0
20
0
0
4
0
0
0
0
10
0
21
4
2
2
0
4
0
3
0
3
2
2
6
0
0
2
1
4
1
0
41
0
0
0
1
0
2
0
0
18
1
5
4
0
0
0
21
0
1
4
3
0
0
0
0
1
26
0
0
0
5
1
0
140
0
1
6
0
0
0
3
3
0
0
0
4
0
1
0
7
0
6
0
0
0
10
2
0
0
1
79
4
0
0
1
0
0
0
0
0
0
0
4
2
0
1
3
1
0
1
0
0
1
0
33
0
1
2
1
0
0
2
0
0
0
0
1
0
5
3
0
0
0
3
1
2
5
1
1
0
5
4
4
7
0
5
0
0
0
0
83
0
0
2
0
2
0
1
0
0
18
0
0
0
0
1
0
0
18
2
0
0
2
2
0
252
1
2
1
1
0
1
0
1
30
0
0
2
2
0
1
3
3
0
5
0
0
1
0
0
0
0
16
16
5
0
0
1
0
0
0
0
11
1
0
0
1
0
2
0
0
42
0
3
5
0
0
0
0
0
37
11
0
0
1
277
0
6
1
0
0
12
0
21
0
0
1
16
0
1
0
1
2
0
3
1
0
4
0
0
0
0
0
0
0
0
0
0
1
1
0
170
3
1
0
0
0
5
0
10
0
1
0
0
0
36
0
1
1
1
2
0
0
0
8
21
1
0
4
0
0
0
2
2
1
59
0
9
0
12
0
2
1
4
17
0
0
0
0
4
1
1
1
1
0
0
90
3
0
4
3
4
1
0
1
0
0
0
1
6
0
3
10
5
0
0
10
58
0
0
0
0
0
0
0
4
1
0
0
0
0
0
0
3
0
0
1
0
0
0
6
1
13
14
3
3
3
1
0
57
2
0