50
10
912849711
-947647342
896803536
69405660
-462535577
-922415583
283124860
269759671
835169422
-132373416
3
-784404768
715536057
71483729
9
-88549032
-968315208
302816109
612298130
-171610886
-488179662
-387348918
-898897128
462567203
10
621857695
885398173
139161255
-259009498
-212615425
624330132
-493643435
-160262767
373650020
575762225
4
451234438
-288596563
-500522320
138920212
4
753327684
354515444
147082431
-322672235
7
-941466602
-290987443
-643280556
523347882
537401672
-131460218
-864001037
6
-816376662
-956500150
112878591
-930978490
35177458
853869093
9
-487976058
-787257990
548659671
885673963
788504235
-221622320
189424753
-647575975
277855360
10
931454047
-116300604
535376762
-68947170
561027161
-410719903
-157897419
-877443929
-54000458
-782033185
4
814539324
-793517868
150978639
998162662
10
-883626418
919700526
137675793
970242675
-518860684
649699736
-964498963
-970201013
387890051
824005272
7
-570168844
-971054351
938548380
-389307527
960399696
-325235872
-853930766
8
-911692359
-412134315
586071460
-789136288
533865227
804038275
870821455
200920903
5
-125683554
51599918
-886981259
-9309972
-176183204
7
-186550945
304956112
-394573024
-151049908
187271452
993317027
-474528283
9
-724335465
-445582634
639029204
-113642992
-632666585
-833690316
-115057404
111302293
-745382674
7
-450109895
-534518962
-140810140
-793555267
-811181154
-939889238
-930518508
7
-35772967
-964983413
-946174680
788043829
138227475
-280209272
-54483706
6
568740821
-867212255
589487830
-905787463
833268571
865152365
5
324814127
-395974275
-131520329
491123812
488968321
10
745741138
-185707046
-617811578
-936261472
673482814
-411366845
-747442626
586109930
-341885352
315692667
6
-306868765
222034340
-956586503
831358710
941825068
-11070209
5
363082241
-25766111
-130466305
309811131
-339981188
6
810957388
984832940
191228137
-468046589
328473104
-467287189
4
-73269406
347005765
-253559849
-9530878
2
335073306
243026497
6
993187954
-588764484
-285515471
-461164459
633269856
-242101974
7
427611276
746827817
650240116
-356790130
-426421941
-627709837
953021001
2
-40507425
616494741
3
-996762935
-999035495
-748064381
4
-634783767
178666213
882955641
111656384
3
-391523075
-700753957
264678185
8
-855049651
675913701
634592669
-316214109
161699909
-754992953
-93503506
-558172463
2
-590747037
85037407
4
-218456874
-109425239
651526147
741035702
9
-425011337
744272767
-639449641
-173075718
-867261005
-274233407
-994409505
-984305365
837422977
7
-523312086
-863330981
144436721
396796053
-865864278
-327133226
-116094926
4
834566683
128912122
724418107
-871089428
2
-866328931
213947980
4
-232269451
-895477260
-104764886
-638717397
8
470223777
-894444631
-322824693
-850335588
-909189283
402941900
-992228740
-893494648
8
-964986557
-564290381
82066602
31966517
832505673
216202324
704833291
-431072901
9
391916326
697839221
611058396
520826898
-476381088
597245819
-412708770
914811527
-782507280
2
-337437006
-421224677
9
-867213230
-463152955
538130578
-865032465
-372342238
-206411170
-857261205
-413320533
886470059
9
22389087
-178946987
62235108
-292588888
-962744664
-380415249
276338211
923895626
-988498924
2
387470375
384844328
3
-162767454
972135558
117640577
4
-631017766
780203571
633500589
229937505
