419
1004
1589
5444
9299
6703
9299
10331
11238
10268
11238
10268
11238
11301
11364
11301
11364
13219
11364
11301
11238
10945
11238
11301
11364
12390
13416
12390
11364
11301
11364
12390
11364
12390
13416
14245
13416
14245
13416
12390
11364
11301
11238
11301
11364
11301
11364
11301
11238
11301
11364
12390
11364
11301
11364
12390
13416
12390
13416
13967
13416
13967
13416
12390
13416
12390
13416
12390
11364
12390
11364
12771
12126
12741
12126
12741
12126
12741
13357
13386
13357
12741
13357
12741
13357
12741
13357
13386
13416
13386
13416
13502
13588
13502
13588
13790
13588
13502
13588
13502
13588
13790
13992
13992
13992
13790
13588
13790
13992
13992
13993
13992
13993
13992
13992
13992
13993
14068
14144
14331
14519
14789
14519
14789
14519
14331
14144
14331
14144
14331
14519
14789
15060
14789
15060
15067
15060
15067
15075
15092
15075
15067
15075
15092
15109
15092
15109
15142
15176
15142
15109
15142
15109
15142
15109
15092
15109
15142
15176
15324
15472
15324
15472
15512
15472
15324
15176
15142
15176
15324
15472
15512
15552
15605
15552
15605
15658
15741
15658
15605
15658
15605
15658
15741
15658
15741
15825
16015
15825
16015
15825
15741
15825
16015
15825
15741
15825
16015
15825
15741
15825
15852
15880
15852
15880
15852
15825
15741
15825
15741
15658
15605
15658
15605
15658
15741
15658
15741
15658
15741
15658
15701
15744
15784
15744
15784
15825
15852
15825
15784
15825
15852
15825
15852
15825
15852
15825
15784
15825
15784
15744
15784
15744
15784
15825
15852
15825
15852
15825
15784
15744
15701
15658
15701
15658
15701
15658
15701
15658
15701
15744
15701
15744
15701
15658
15701
15744
15784
15825
15784
15744
15701
15744
15701
15744
15701
15658
15701
15658
15605
15658
15701
15744
15784
15825
15852
15825
15852
15825
15852
15880
15950
15880
15852
15880
15852
15880
15852
15880
15852
15825
15784
15744
15784
15744
15784
15744
15784
15825
15852
15825
15784
15825
15852
15825
15784
15744
15701
15744
15784
15825
15784
15825
15852
15825
15784
15744
15701
15658
15605
15658
15701
15744
15701
15658
15701
15658
15701
15744
15701
15744
15784
15825
15784
15744
15701
15658
15605
15658
15605
15552
15512
15472
15413
15354
15413
15472
15413
15354
15413
15472
15413
15354
15413
15354
15302
15250
15215
15180
15215
15180
15215
15250
15302
15354
15413
15354
15413
15472
15413
15472
15413
15354
15302
15250
15215
15250
15302
15250
15215
15250
15215
15250
15302
15354
15302
15354
15413
15354
15302
15250
15215
15250
15302
15354
15302
15250
15302
15250
15215
15180
15215
15250
15215
15250
15215
15180
15178
15180
15178
15180
15178
15176
15142
15176
15142
15109
15092
15109
15092
15109
15092
15109
15092
15109
15092
15109
15142
15109
15092
15109
15142
15109
15142
15109
15142
15176
15142
15109
15092
15075
15067
15060
15034
15060
15034
15008
15034
15008
14941
15008
14941
14874
14872
14870
14872
14874
14941
14874
14941
15008
14941
15008
15034
15060
15067
15060
15034
15008
14941
14874
14872
14874
14941
15008
15034
15060
15067
15075
15092
15109
15142
15176
15178
15180
15215
15180
15178
15176
15142
15109
15142
15109
15142
15109
15142
15109
15092
15075
15067
15060
15034
15060
15034
15060
15067
15060
15034
15060
15067
15060
15034
15008
15034
15060
15067
15075
15092
15075
15092
15109
15092
15109
15142
15176
15178
15180
15215
15180
15215
15180
15178
15176
15178
15176
15178
15180
15215
15250
15215
15180
15178
15180
15215
15250
15261
15273
15313
15273
15313
15354
15370
15387
15429
15387
15370
15354
15313
15354
15313
15354
15370
15354
15370
15387
15429
15387
15429
15472
15429
15472
15512
15552
15571
15590
15571
15552
15512
15552
15512
15552
15571
15590
15571
15590
15571
15552
15571
15552
15571
15590
15624
15590
15624
15590
15624
15590
15571
15552
15571
15552
15512
15472
15512
15552
15571
15590
15571
15590
15571
15552
15512
15552
15512
15472
15429
15387
15370
15354
15370
15354
15370
15354
15313
15354
15370
15387
15429
15472
15429
15472
15512
15472
15512
15472
15512
15552
15571
15552
15512
15472
15512
15552
15512
15472
15429
15387
15429
15387
15370
15354
15313
15273
15261
15273
15261
15273
15313
15273
15261
15273
15261
15250
15261
15273
15261
15273
15261
15250
15215
15250
15261
15250
15261
15250
15215
15180
15178
15176
15153
15130
15119
15109
15095
15109
15119
15109
15119
15109
15095
15081
15095
15081
15095
15109
15119
15109
15095
15109
15095
15109
15119
15109
15119
15130
15153
15130
15153
15176
15153
15130
15119
15130
15153
15130
15119
15130
15119
15130
15153
15176
15178
15176
15178
15176
15178
15180
15178
15176
15178
15176
15153
15130
15153
15176
15178
15176
15178
15180
15215
15180
15178
15180
15215
15180
15215
15250
15215
15180
15215
15180
15215
15180
15178
15180
15178
15176
15153
15176
15178
15176
15178
15180
15178
15176
15153
15176
15153
15176
15178
15180
15178
15180
15215
15250
15261
15273
15278
15273
15278
15284
15278
15273
15278
15284
15295
15307
15330
15353
15330
15307
15330
15353
15353
15354
15370
15387
15429
15472
15510
15549
15550
15552
15571
15590
15601
15590
15571
15590
15571
15590
15571
15590
15571
15590
15571
15590
15601
15613
15601
15590
15571
15552
15550
15552
15550
15549
15510
15472
15429
15472
15429
15472
15429
15472
15510
15472
15510
15549
15550
15549
15510
15549
15550
15549
15510
15549
15550
15552
15550
15549
15550
15549
15510
15472
15429
15387
15370
15354
15370
15354
15353
15354
15370
15354
15370
15387
15370
15387
15429
15472
15429
15472
15429
15472
15510
15472
15429
15472
15429
15387
15429
15472
15510
15549
15510
15549
15510
15472
15510
15549
15510
15549
15510
15549
15550
15552
15571
15590
15601
15613
15601
15590
15571
15552
15550
15552
15571
15552
15550
15552
15550
15552
15571
15590
15601
15590
15571
15552
15550
15552
15571
15552
15571
15552
15550
15549
15510
15472
15429
15472
15429
15387
15370
15354
15353
15353
15330
15353
15330
15307
15295
15307
15330
15307
15295
15307
15330
15307
15330
15307
15330
15353
15330
15307
15295
15284
15295
15307
15295
15284
15278
15273
15261
15273
15278
15273
15278
15273
15278
15284
15278
15284
15278
15273
15261
15250
15215
15180
15178
15180
15215
15180
15178
15180
15178
15180
15215
15180
15178
15180
15215
15180
15178
15180
15215
15180
15178
15176
15153
15176
15178
15176
15153
15176
15178
15180
15215
15250
15261
15250
15261
15250
15215
15250
15215
15180
15178
15180
15215
15180
15178
15180
15178
15176
15178
15180
15178
15180
15215
15180
15178
15176
15178
15176
15153
15130
15153
15176
15178
15176
15178
15180
15178
15180
15215
15180
15215
15250
15215
15250
15261
15250
15261
15273
15278
15284
15295
15307
15295
15307
15330
15353
15353
15353
15330
15353
15330
15307
15330
15307
15295
15307
15330
15307
15330
15307
15295
15307
15295
15307
15330
15353
15330
15307
15295
15307
15330
15307
15295
15284
15278
15284
15278
15284
15278
15273
15278
15284
15295
15307
15330
15353
15353
15353
15353
15353
15353
15353
15330
15307
15330
15307
15330
15353
15330
15353
15330
15307
15330
15307
15295
15307
15295
15284
15278
15273
15261
15273
15278
15284
15278
15284
15295
15307
15295
15307
15295
15307
15330
15353
15353
15353
15353
15353
15330
15307
15295
15284
15295
15307
15295
15307
15295
15307
15330
15353
15330
15353
15353
15353
15330
15353
15330
15353
15353
15353
15330
15353
15353
15354
15353
15354
15353
15354
15370
15354
15370
15387
15404
15387
15370
15387
15404
15421
15446
15421
15446
15421
15446
15421
15446
15421
15446
15421
15446
15421
15404
15387
15404
15421
15446
15472
15446
15472
15446
15472
15510
15472
15446
15472
15446
15421
15404
15387
15404
15421
15446
15421
15446
15472
15446
15421
15446
15472
15446
15421
15446
15421
15404
15387
15404
15421
15446
15421
15404
15421
15446
15421
15446
15472
15510
15549
15510
15549
15550
15549
15550
15549
15510
15549
15550
15549
15550
15552
15550
15552
15571
15590
15601
15613
15601
15613
15601
15613
15622
15632
15645
15632
15645
15632
15645
15632
15645
15658
15645
15658
15695
15733
15734
15736
15740
15736
15740
15744
15753
15763
15753
15744
15753
15763
15768
15763
15753
15763
15768
15773
15768
15773
15799
15773
15799
15825
15799
15773
15768
15763
15768
15763
15768
15773
15799
15773
15799
15825
15830
15825
15799
15825
15830
15825
15799
15773
15799
15773
15768
15773
15768
15773
15768
15773
15799
15825
15799
15825
15830
15825
15830
15825
15799
15773
15768
15763
15768
15773
15799
15773
15768
15773
15799
15825
15830
15825
15830
15836
15858
15836
15858
15836
15830
15836
15858
15880
15895
15910
15895
15880
15895
15880
15858
15836
15830
15825
15799
15825
15830
15825
15830
15836
15858
15836
15830
15825
15799
15773
15799
15773
15799
15825
15799
15773
15799
15773
15768
15773
15768
15763
15768
15763
15753
15744
15740
15736
15734
15736
15740
15744
15753
15744
15740
15744
15740
15736
15740
15744
15740
15744
15753
15763
15753
15763
15753
15763
15768
15763
15768
15763
15768
15763
15753
15763
15753
15763
15768
15763
15753
15763
15768
15763
15768
15763
15753
15744
15753
15744
15753
15763
15753
15763
15753
15763
15753
15744
15740
15744
15753
15763
15768
15763
15768
15773
15799
15773
15768
15763
15753
15744
15753
15763
15768
15773
15799
15773
15799
15773
15799
15773
15799
15773
15799
15825
15799
15825
15799
15773
15768
15763
15753
15744
15753
15763
15768
15763
15768
15773
15768
15773
15768
15763
15768
15773
15799
15825
15799
15825
15830
15825
15799
15773
15768
15773
15768
15763
15768
15763
15768
15773
15768
15763
15768
15773
15799
15773
15799
15773
15799
15773
15799
15825
15830
15836
15858
15880
15858
15836
15858
15880
15858
15836
15858
15836
15858
15880
15858
15880
15858
15880
15895
15880
15895
15880
15895
15910
15895
15910
15895
15910
15928
15946
15949
15946
15928
15946
15928
15946
15928
15946
15949
15952
15970
15952
15970
15988
16003
16018
16019
16021
16019
16018
16019
16018
16003
16018
16019
16021
16019
16021
16025
16021
16019
16018
16003
15988
15970
15988
15970
15988
16003
16018
16003
16018
16019
16021
16025
16021
16019
16018
16019
16018
16003
15988
15970
15952
15970
15988
15970
15988
15970
15952
15949
15952
15949
15946
15949
15946
15928
15946
15949
15952
15949
15952
15949
15952
15949
15946
15949
15946
15949
15952
15949
15952
15970
15988
16003
16018
16003
15988
15970
15952
15970
15952
15970
15988
16003
15988
16003
15988
15970
15952
15949
15946
15949
15952
15970
15988
16003
16018
16003
15988
15970
15988
16003
16018
16019
16018
16019
16018
16019
16018
16003
15988
16003
16018
16003
16018
16019
16021
16025
16021
16025
16029
16025
16029
16025
16029
16025
16029
16025
16029
16030
16029
16025
16021
16025
16029
16030
16029
16030
16029
16025
16029
16025
16021
16019
16018
16003
15988
16003
16018
16003
15988
15970
15988
16003
15988
16003
16018
16019
16018
16003
16018
16019
16018
16003
16018
16019
16018
16019
16021
16025
16021
16019
16021
16025
16029
16030
16031
16032
16033
16032
16033
16042
16051
16042
16033
16042
16033
16042
16051
16042
16051
16042
16033
16032
16033
16032
16031
16030
16029
16025
16029
16030
16031
16030
16029
16025
16021
16025
16029
16025
16021
16019
16018
16019
16021
16019
16018
16019
16021
16025
16029
16030
16031
16032
16031
16032
16033
16042
16051
16042
16051
16042
16051
16042
16051
16042
16051
16042
16051
16042
16051
16089
16051
16089
16128
16144
16160
16144
16128
16089
16051
16042
16033
16032
16033
16042
16051
16089
16051
16042
16051
16089
16128
16089
16051
16089
16128
16089
16128
16089
16051
16042
16051
16042
16051
16042
16033
16032
16031
16032
16031
16030
16029
16030
16031
16030
16029
16025
16029
16025
16021
16025
16021
16025
16029
16030
16029
16025
16021
16025
16029
16025
16021
16019
16021
16025
16021
16025
16029
16025
16021
16025
16029
16025
16021
16025
16021
16019
16021
16019
16018
16003
15988
15986
15988
16003
16018
16019
16021
16025
16021
16019
16018
16003
15988
16003
15988
15986
15984
15986
15984
15968
15952
15968
15952
15949
15952
15949
15946
15949
15952
15949
15952
15968
15952
15949
15946
15928
15946
15928
15946
15928
15910
15928
15946
15928
15910
15895
15880
15895
15880
15895
15880
15879
15880
15895
15880
15879
15880
15879
15880
15879
15878
15857
15878
15857
15878
15879
15878
15857
15878
15879
15878
15879
15880
15895
15910
15928
15910
15895
15880
15879
15880
15895
15880
15879
15880
15879
15878
15857
15836
15830
15836
15857
15836
15857
15878
15879
15878
15857
15878
15879
15880
15895
15880
15879
15878
15879
15880
15879
15880
15895
15880
15879
15878
15857
15878
15879
15880
15895
15880
15895
15910
15928
15946
15949
15946
15928
15910
15895
15880
15895
15910
15928
15946
15949
15952
15949
15946
15949
15952
15968
15952
15968
15952
15949
15952
15949
15946
15928
15910
15928
15910
15928
15946
15949
15952
15968
15984
15986
15984
15968
15984
15986
15984
15968
15952
15968
15952
15968
15952
15949
15946
15949
15952
15949
15952
15968
15984
15986
15988
16003
15988
16003
16018
16019
16018
16019
16018
16003
16018
16003
16018
16019
16018
16019
16018
16003
16018
16003
16018
16019
16018
16003
15988
16003
15988
15986
15984
15986
15988
16003
15988
16003
16018
16019
16021
16019
16021
16025
16029
16025
16021
16019
16021
16025
16021
16025
16021
16019
16018
16003
15988
16003
15988
15986
15984
15968
15952
15949
15952
15968
15952
15949
15952
15949
15952
15949
15952
15949
15952
15949
15946
15949
15946
15933
15946
15933
15920
15933
15946
15933
15946
15949
15952
15968
15952
15968
15984
15968
15952
15949
15952
15949
15946
15949
15946
15933
15946
15949
15946
15933
15946
15933
15920
15915
15920
15933
15920
15933
15920
15915
15910
15895
15880
15895
15910
15915
15920
15915
15920
15915
15920
15933
15946
15933
15920
15915
15920
15933
15920
15915
15910
15895
15880
15895
15910
15915
15910
15915
15920
15915
15910
15915
15910
15895
15880
15895
15910
15915
15920
15933
15920
15915
15910
15915
15920
15915
15910
15895
15880
15879
15880
15895
15880
15895
15910
15915
15920
15915
15920
15933
15946
15933
15946
15933
15920
15915
15910
15915
15920
15933
15920
15933
15946
15949
15952
15949
15952
15958
15952
15949
15952
15958
15965
15974
15965
15958
15965
15958
15965
15974
15984
15986
15988
15986
15984
15986
15984
15974
15965
15974
15984
15986
15988
15986
15984
15986
15988
16003
15988
15986
15984
15986
15984
15974
15984
15974
15965
15958
15952
15949
15952
15949
15946
15933
15920
15915
15920
15915
15910
15895
15910
15915
15910
15895
15880
15879
15880
15895
15910
15915
15910
15895
15910
15895
15880
15879
15880
15895
15910
15915
15910
15895
15880
15879
15880
15879
15880
15879
15878
15879
15878
15879
15880
15879
15880
15895
15880
15879
15878
15869
15860
15849
15838
15849
15838
15837
15836
15837
15836
15830
15836
15830
15825
15799
15773
15799
15825
15830
15836
15830
15825
15830
15825
15830
15836
15837
15838
15837
15836
15837
15838
15837
15838
15849
15860
15849
15860
15849
15860
15869
15860
15849
15860
15869
15878
15879
15878
15879
15878
15879
15878
15879
15878
15869
15878
15879
15878
15869
15878
15869
15860
15869
15860
15869
15860
15849
15838
15837
15838
15849
15860
15869
15878
15869
15860
15849
15838
15837
15838
15837
15836
15837
15838
15837
15838
15837
15838
15849
15860
15869
15878
15869
15860
15869
15878
15869
15860
15869
15860
15849
15838
15849
15860
15869
15878
15869
15878
15879
15878
15869
15878
15879
15880
15895
15910
15915
15910
15895
15910
15915
15910
15895
15880
15895
15880
15879
15878
15879
15880
15879
15878
15869
15878
15879
15880
15879
15880
15895
15910
15895
15910
15895
15880
15895
15910
15895
15880
15895
15880
15895
15880
15895
15910
15895
15910
15895
15910
15915
15920
15915
15920
15933
15920
15915
15910
15915
15920
15933
15920
15933
15920
15933
15946
15933
15920
15915
15910
15915
15920
15915
15920
15933
15920
15915
15920
15915
15910
15895
15910
15915
15910
15895
15910
15895
15910
15915
15920
15915
15920
15933
15946
15949
15946
15933
15946
15933
15946
15949
15952
15958
15952
15958
15965
15958
15965
15958
15952
15958
15952
15958
15965
15958
15952
15949
15946
15933
15946
15949
15946
15949
15952
15958
15965
15958
15952
15958
15952
15949
15946
15949
15946
15933
15920
15933
15920
15915
15920
15915
15920
15915
15920
15915
15910
15915
15920
15933
15946
15933
15946
15949
15952
15958
15965
15958
15965
15958
15965
15958
15965
15965
15965
15965
15965
15965
15965
15965
15965
15965
15965
15974
15965
15965
15965
15965
15965
15973
15965
15973
15982
15973
15982
15983
15984
15983
15982
15983
15984
15986
15988
15986
15984
15983
15982
15983
15984
15986
15984
15986
15984
15986
15984
15986
15988
16003
15988
16003
16018
16003
15988
15986
15984
15986
15984
15986
15988
15986
15984
15983
15984
15983
15982
15983
15984
15983
15982
15983
15982
15983
15982
15973
15965
15973
15982
15973
15965
15973
15965
15965
15965
15965
15965
15973
15982
15983
15982
15973
15982
15973
15982
15973
15982
15983
15984
15986
15988
15986
15988
16003
16018
16003
16018
16003
16018
16003
16018
16019
16018
16019
16018
16019
16018
16019
16021
16019
16021
16025
16021
16019
16021
16025
16029
16025
16021
16019
16018
16003
15988
16003
16018
16019
16021
16019
16018
16003
15988
16003
15988
16003
15988
15986
15984
15983
15984
15986
15984
15983
15984
15983
15984
15983
15984
15983
15984
15983
15984
15983
15984
15986
15988
15986
15984
15983
15982
15973
15965
15973
15982
15983
15982
15973
15965
15965
15965
15958
15965
15958
15952
15949
15946
15949
15952
15949
15946
15949
15952
15949
15946
15949
15952
15958
15965
15965
15965
15958
15965
15958
15965
15958
15952
15949
15952
15958
15952
15958
15952
15949
15946
15933
15946
15933
15920
15915
15920
15915
15920
15915
15910
15898
15886
15898
15910
15915
15920
15915
15920
15915
15910
15898
15910
15898
15910
15898
15910
15915
15920
15933
15920
15915
15910
15898
15910
15898
15886
15898
15886
15898
15910
15915
15910
15915
15910
15915
15920
15933
15946
15933
15946
15949
15952
15949
15946
15949
15946
15933
15920
15915
15920
15933
15920
15933
15946
15933
15946
15949
15952
15949
15952
15958
15952
15958
15965
15958
15952
15949
15946
15949
15946
15949
15946
15949
15946
15949
15946
15933
15946
15949
15946
15933
15920
15933
15920
15933
15946
15949
15946
15949
15952
15958
15952
15958
15952
15958
15952
15949
15952
15949
15946
15949
15952
15949
15952
15949
15952
15958
15952
15949
15952
15949
15946
15933
15920
15915
15920
15933
15946
15933
15920
15915
15920
15915
15910
15915
15920
15933
15946
15933
15946
15949
15946
15949
15952
15958
15965
15958
15965
15958
15965
15965
15965
15965
15965
15958
15965
15958
15965
15965
15965
15965
15965
15973
15982
15983
15984
15983
15982
15973
15965
15965
15965
15958
15965
15965
15965
15965
15965
15965
15965
15958
15965
15965
15965
15958
15952
15958
15952
15949
15946
15933
15946
15949
15952
15949
15952
15949
15952
15958
15952
15958
15952
15949
15946
15949
15952
15949
15952
15958
15952
15958
15965
15958
15952
15958
15965
15965
15965
15973
15965
15973
15982
15973
15982
15973
15965
15973
15965
15965
15965
15973
15965
15973
15965
15965
15965
15965
15965
15958
15965
15965
15965
15973
15982
15983
15984
15983
15982
15983
15982
15983
15984
15986
15988
15986
15988
15986
15984
15983
15984
15986
15984
15986
15988
16003
16018
16003
15988
15986
15984
15986
15988
16003
15988
16003
15988
16003
15988
15986
15988
16003
15988
16003
15988
15986
15988
15986
15988
16003
16018
16003
16018
16003
16018
16003
15988
15986
15988
16003
15988
15986
15988
16003
16018
16018
16018
16018
16018
16018
16018
16018
16018
16003
15988
15986
15988
15986
15984
15983
15984
15983
15982
15983
15982
15973
15982
15973
15982
15983
15984
15983
15982
15983
15984
15986
15984
15983
15984
15983
15982
15983
15984
15983
15982
15973
15982
15983
15982
15983
15984
15986
15984
15986
15984
15986
15984
15986
15988
16003
16018
16018
16019
16020
16019
16020
16021
16020
16021
16025
16021
16020
16019
16018
16019
16018
16018
16018
16019
16018
16018
16003
16018
16018
16019
16018
16018
16018
16019
16020
16019
16018
16019
16018
16018
16003
16018
16003
15988
15986
15988
16003
15988
15986
15988
16003
15988
16003
16018
16003
15988
16003
15988
15986
15984
15983
15982
15973
15982
15973
15965
15973
15982
15983
15984
15986
15988
15986
15984
15986
15988
16003
16018
16003
16018
16018
16019
16018
16018
16003
15988
16003
15988
15986
15988
16003
15988
16003
15988
16003
15988
16003
16018
16003
15988
15986
15984
15986
15988
16003
16018
16003
16018
16018
16018
16003
16018
16018
16018
16018
16018
16003
15988
16003
16018
16003
15988
16003
15988
15986
15984
15983
15984
15986
15984
15986
15988
15986
15984
15983
15982
15983
15982
15983
15982
15983
15984
15983
15984
15986
15988
15986
15984
15986
15984
15983
15984
15986
15988
15986
15984
15986
15984
15983
15982
15973
15982
15983
15982
15983
15984
15983
15984
15983
15984
15986
15984
15986
15984
15983
15982
15973
15965
15965
15965
15958
15952
15949
15952
15958
15952
15958
15965
15958
15965
15965
15965
15965
15965
15965
15965
15965
15965
15958
15965
15965
15965
15973
15965
15973
15982
15983
15982
15973
15965
15965
15965
15965
15965
15958
15965
15965
15965
15965
15965
15965
15965
15973
15982
15983
15982
15973
15965
15965
15965
15965
15965
15958
15965
15958
15965
15958
15965
15965
15965
15965
15965
15973
15965
15965
15965
15965
15965
15958
15965
15965
15965
15965
15965
15958
15952
15958
15952
15949
15946
15938
15946
15949
15952
15949
15952
15949
15946
15938
15946
15949
15946
15938
15930
15938
15930
15938
15946
15938
15946
15949
15952
15949
15946
15938
15930
15925
15930
15925
15920
15925
15930
15925
15920
15925
15920
15925
15930
15938
15930
15925
15920
15918
15920
15925
15920
15918
15917
15913
15910
15913
15917
15913
15917
15913
15910
15909
15909
15909
15909
15897
15909
15909
15909
15909
15909
15897
15886
15897
15909
15909
15910
15913
15910
15909
15909
15897
15909
15897
15886
15897
15909
15897
15886
15884
15882
15881
15882
15881
15880
15879
15880
15881
15882
15884
15882
15884
15886
15884
15886
15897
15909
15909
15910
15909
15910
15913
15910
15909
15909
15897
15909
15909
15909
15909
15910
15913
15917
15918
15917
15913
15917
15918
15920
15925
15920
15925
15920
15918
15920
15918
15920
15918
15920
15918
15917
15913
15917
15918
15917
15913
15910
15913
15917
15913
15910
15909
15910
15909
15910
15913
15910
15913
15910
15913
15917
15913
15910
15913
15917
15918
15917
15913
15910
15913
15910
15913
15917
15918
15917
15918
15917
15913
15910
15909
15910
15909
15909
15897
15886
15897
15909
15909
15909
15909
15909
15909
15909
15897
15909
15909
15909
15909
15910
15913
15910
15913
15910
15909
15909
15897
15886
15897
15909
15897
15909
15909
15909
15909
15910
15913
15910
15909
15909
15909
15909
15897
15886
15884
15886
15897
15909
15897
15886
15884
15886
15897
15909
15897
15909
15897
15909
15909
15910
15913
15917
15913
15917
15918
15920
15918
15920
15918
15920
15925
15930
15938
15930
15938
15946
15949
15946
15938
15946
15949
15946
15938
15930
15938
15930
15938
15946
15938
15930
15938
15930
15938
15946
15949
15952
15958
15952
15949
15946
15949
15946
15949
15946
15938
15946
15949
15946
15949
15946
15949
15946
15938
15946
15949
15946
15949
15952
15958
15952
15958
15952
15949
15952
15949
15946
15938
15930
15925
15930
15938
15946
15938
15930
15925
15930
15938
15946
15949
15952
15949
15946
15949
15946
15949
15946
15949
15946
15949
15952
15958
15965
15958
15965
15958
15965
15965
15965
15965
15965
15958
15952
15958
15952
15958
15965
15965
15965
15958
15952
15958
15952
15949
15952
15949
15952
15949
15946
15938
15930
15938
15946
15949
15952
15949
15946
15938
15930
15925
15920
15925
15920
15918
15917
15918
15920
15925
15920
15918
15917
15918
15917
15913
15910
15909
15909
15909
15910
15909
15909
15909
15910
15913
15910
15909
15909
15909
15910
15913
15910
15913
15917
15913
15917
15918
15917
15913
15917
15913
15910
15913
15910
15913
15917
15913
15917
15913
15910
15913
15910
15913
15910
15909
15910
15913
15917
15918
15917
15918
15917
15913
15917
15918
15917
15918
15920
15918
15917
15913
15910
15909
15910
15909
15910
15913
15910
15909
15910
15909
15910
15913
15910
15909
15910
15909
15909
15909
15910
15909
15910
15909
15909
15897
15909
15897
15886
15884
15882
15881
15882
15881
15880
15881
15880
15881
15880
15879
15880
15881
15882
15884
15882
15881
15880
15881
15880
15879
15880
15879
15879
15878
15878
15878
15878
15878
15879
15878
15878
15869
15860
15869
15878
15869
15878
15869
15878
15869
15860
15869
15878
15869
15860
15869
15860
15869
15860
15849
15860
15869
15878
15878
15879
15879
15880
15879
15879
15879
15879
15878
15878
15878
15879
15879
15880
15881
15882
15884
15886
15897
15886
15884
15882
15881
15882
15881
15880
15881
15880
15881
15882
15881
15880
15879
15880
15881
15880
15881
15880
15881
15880
15881
15882
15884
15886
15884
15882
15884
15886
15884
15886
15897
15886
15897
15886
15884
15886
15884
15882
15884
15886
15884
15886
15897
15909
15897
15886
15897
15909
15897
15886
15884
15882
15881
15882
15884
15882
15881
15880
15881
15880
15881
15882
15884
15886
15897
15886
15884
15886
15884
15882
15881
15882
15881
15882
15884
15882
15881
15882
15881
15880
15879
15879
15878
15879
15878
15878
15869
15860
15849
15838
15849
15838
15849
15860
15869
15860
15869
15878
15878
15879
15878
15879
15879
15880
15879
15880
15879
15879
15878
15878
15878
15878
15869
15878
15869
15860
15869
15860
15869
15860
15869
15878
15869
15878
15869
15878
15878
15879
15878
15879
15879
15880
15881
15882
15881
15882
15881
15880
15881
15880
15879
15879
15879
15880
15879
15880
15881
15882
15881
15882
15883
15882
15881
15882
15883
15884
15885
15884
15883
15884
15883
15884
15883
15882
15881
15880
15881
15882
15881
15880
15879
15879
15879
15880
15879
15880
15879
15880
15879
15880
15879
15879
15878
15878
15878
15879
15878
15878
15875
15873
15875
15878
15878
15879
15879
15879
15879
15879
15879
15879
15879
15880
15879
15879
15879
15880
15881
15880
15881
15880
15879
15879
15878
15879
15878
15878
15875
15873
15875
15878
15878
15879
15878
15878
15878
15879
15878
15878
15875
15878
15878
15879
15879
15879
15879
15879
15879
15880
15881
15880
15881
15880
15879
15880
15879
15879
15879
15879
15878
15878
15875
15878
15878
15878
15878
15879
15878
15879
15879
15880
15881
15880
15881
15880
15879
15880
15879
15879
15878
15878
15875
15873
15875
15878
15875
15878
15875
15878
15878
15879
15879
15879
15878
15878
15878
15879
15879
15879
15879
15880
15879
15880
15881
15882
15883
15884
15885
15884
15885
15886
15895
15904
15895
15886
15885
15884
15883
15882
15881
15882
15883
15882
15883
15884
15885
15886
15895
15886
15885
15886
15885
15886
15895
15886
15885
15884
15885
15884
15885
15884
15885
15884
15885
15886
15895
15904
15906
15904
15906
15904
15895
15904
15906
15904
15895
15886
15885
15884
15883
15884
15883
15884
15885
15884
15883
15882
15881
15882
15881
15882
15883
15884
15883
15882
15881
15880
15881
15882
15883
15884
15883
15882
15881
15880
15881
15880
15879
15880
15881
15882
15881
15880
15881
15880
15879
15879
15878
15878
15878
15878
15878
15878
15875
15873
15875
15873
15866
15860
15866
15873
15875
15878
15875
15878
15878
15879
15879
15879
15878
15879
15879
15880
15881
15880
15881
15882
15881
15882
15881
15882
15881
15882
15881
15882
15883
15884
15883
15884
15885
15886
15885
15884
15883
15882
15883
15882
15883
15882
15881
15880
15879
15879
15879
15880
15879
15880
15879
15879
15879
15879
15879
15879
15878
15879
15878
15878
15878
15879
15879
15880
15879
15879
15878
15878
15878
15879
15878
15879
15878
15878
15878
15878
15875
15873
15875
15878
15875
15873
15875
15873
15866
15873
15866
15873
15866
15860
15849
15860
15866
15860
15866
15860
15866
15860
15849
15860
15849
15838
15837
15836
15837
15836
15830
15836
15830
15836
15837
15836
15837
15836
15830
15825
15821
15817
15821
15825
15821
15825
15821
15817
15821
15817
15808
15817
15821
15817
15821
15825
15830
15836
15837
15836
15837
15838
15849
15838
15849
15838
15837
15836
15830
15825
15821
15825
15830
15836
15830
15836
15837
15836
15837
15836
15837
15838
15849
15860
15866
15873
15866
15860
15866
15860
15849
15838
15849
15860
15866
15860
15849
15860
15866
15860
15849
15860
15866
15860
15849
15860
15866
15873
15866
15873
15875
15873
15866
15860
15849
15838
15837
15836
15830
15825
15821
15817
15808
15817
15808
15817
15808
15800
15808
15817
15808
15800
15792
15785
15792
15800
15808
15817
15808
15817
15821
15825
15830
15836
15830
15836
15837
15836
15837
15838
15849
15838
15849
15838
15849
15838
15849
15860
15849
15838
15837
15838
15849
15838
15849
15838
15849
15838
15849
15860
15866
15860
15866
15860
15849
15838
15849
15860
15849
15838
15837
15838
15837
15836
15837
15838
15837
15838
15849
15860
15866
15873
15875
15873
15875
15873
15866
15860
15849
15838
15837
15838
15837
15836
15837
15838
15837
15836
15830
15836
15837
15836
15837
15838
15837
15836
15837
15836
15837
15838
15849
15838
15849
15838
15849
15838
15837
15838
15837
15836
15837
15836
15837
15836
15830
15836
15837
15836
15837
15838
15837
15838
15849
15860
15849
15838
15849
15838
15837
15836
15837
15838
15849
15838
15837
15836
15830
15825
15830
15825
15821
15825
15830
15825
15830
15825
15821
15817
15808
15800
15808
15800
15808
15817
15821
15825
15830
15825
15830
15836
15837
15838
15837
15838
15849
15838
15849
15860
15849
15860
15849
15838
15849
15860
15849
15838
15849
15860
15849
15860
15866
15873
15875
15873
15875
15878
15878
15878
15878
15878
15878
15878
15878
15878
15875
15873
15866
15873
15866
15860
15849
15838
15849
15860
15849
15860
15849
15838
15837
15836
15837
15838
15849
15860
15866
15873
15875
15873
15875
15873
15875
15878
15875
15873
15866
15873
15875
15873
15875
15878
15878
15879
15879
15880
15879
15879
15878
15878
15878
15879
15878
15879
15878
15879
15878
15879
15878
15878
15878
15879
15878
15878
15875
15878
15878
15878
15875
15873
15875
15873
15866
15873
15875
15873
15875
15873
15866
15860
15849
15860
15866
15860
15849
15860
15849
15860
15849
15838
15849
15838
15837
15836
15830
15825
15830
15836
15837
15838
15849
15838
15849
15860
15849
15838
15849
15860
15849
15860
15866
15860
15866
15873
15866
15860
15849
15838
15849
15838
15837
15838
15837
15836
15837
15836
15837
15836
15837
15836
15837
15836
15830
15836
15837
15836
15837
15838
15837
15836
15830
15825
15821
15825
15821
15825
15821
15817
15821
15825
15821
15817
15808
15817
15808
15817
15821
15825
15830
15836
15837
15836
15837
15838
15849
15838
15837
15838
15849
15838
15849
15860
15849
15860
15866
15873
15866
15873
15875
15878
15878
15878
15875
15878
15878
15879
15878
15878
15878
15879
15878
15878
15878
15879
15878
15879
15878
15878
15875
15873
15866
15873
15866
15873
15866
15873
15875
15878
15875
15878
15875
15878
15878
15879
15878
15878
15875
15873
15866
15873
15875
15878
15878
15879
15878
15879
15878
15878
15875
15878
15878
15878
15878
15878
15875
15873
15866
15860
15849
15838
15849
15838
15837
15836
15837
15838
15849
15838
15849
15860
15866
15873
15866
15860
15849
15860
15866
15873
15875
15878
15878
15878
15878
15878
15875
15873
15866
15860
15849
15838
15849
15838
15837
15836
15830
15825
15821
15825
15830
15836
15837
15838
15837
15838
15849
15838
15837
15838
15837
15836
15830
15836
15830
15825
15830
15825
15821
15825
15830
15836
15837
15838
15849
15860
15849
15838
15849
15838
15849
15860
15849
15838
15837
15836
15837
15838
15849
15838
15837
15836
15830
15825
15821
15825
15830
15836
15830
15836
15837
15836
15830
15825
15821
15817
15808
15800
15808
15817
15821
15825
15821
15817
15821
15817
15821
15825
15830
15825
15830
15836
15830
15836
15837
15836
15837
15836
15830
15836
15837
15836
15837
15836
15837
15838
15837
15838
15849
15838
15837
15836
15837
15836
15837
15836
15830
15825
15830
15825
15821
15817
15808
15800
15792
15785
15792
15785
15792
15785
15784
15784
15784
15785
15784
15784
15779
15774
15773
15773
15773
15773
15768
15763
15768
15773
15768
15773
15768
15773
15773
15774
15779
15774
15773
15774
15773
15774
15773
15774
15779
15774
15773
15774
15779
15774
15779
15784
15779
15784
15784
15784
15784
15785
15784
15784
15784
15785
15784
15785
15784
15785
15784
15785
15792
15800
15808
15817
15821
15825
15830
15836
15837
15838
15842
15847
15853
15860
15853
15860
15866
15860
15853
15847
15853
15860
15853
15860
15853
15847
15842
15847
15853
15847
15842
15838
15842
15847
15853
15847
15853
15847
15842
15838
15842
15847
15853
15847
15853
15847
15842
15847
15842
15847
15842
15838
15837
15836
15830
15836
15830
15825
15821
15825
15821
15817
15821
15817
15821
15825
15830
15836
15837
15838
15842
15847
15842
15847
15853
15860
15866
15860
15866
15873
15866
15873
15875
15873
15875
15878
15875
15878
15878
15878
15875
15878
15875
15873
15875
15873
15875
15878
15875
15873
15875
15873
15875
15878
15878
15878
15875
15873
15875
15878
15878
15879
15878
15879
15879
15880
15880
15881
15880
15880
15880
15880
15879
15880
15879
15880
15880
15881
15880
15880
15880
15881
15880
15880
15879
15880
15880
15880
15880
15880
15879
15879
15879
15879
15879
15879
15879
15879
15878
15879
15878
15879
15879
15879
15878
15878
15878
15879
15879
15879
15879
15879
15879
15880
15880
15881
15880
15881
15881
15882
15881
15881
15881
15882
15883
15882
15883
15884
15883
15884
15883
15882
15881
15882
15881
15881
15881
15882
15883
15882
15881
15882
15881
15882
15881
15881
15880
15880
15880
15881
15881
15882
15881
15881
15881
15882
15881
15882
15881
15881
15880
15880
15880
15880
15879
15880
15880
15880
15879
15880
15879
15879
15878
15879
15878
15878
15875
15873
15875
15873
15875
15873
15875
15878
15878
15879
15878
15879
15878
15878
15875
15873
15875
15878
15878
15878
15875
15873
15866
15860
15866
15873
15875
15878
15875
15873
15875
15873
15866
15873
15875
15878
15875
15873
15875
15878
15878
15879
15879
15880
15879
15879
15878
15878
15878
15879
15879
15879
15879
15880
15880
15880
15879
15880
15880
15880
15879
15880
15879
15879
15879
15880
15879
15879
15879
15880
15879
15879
15878
15878
15878
15878
15878
15879
15878
15878
15875
15873
15866
15873
15875
15878
15878
15879
15879
15880
15880
15881
15880
15880
15879
15880
15879
15880
15880
15881
15880
15880
15880
15880
15879
15879
15878
15879
15879
15880
15879
15879
15879
15879
15879
15879
15879
15880
15880
15881
15880
15881
15880
15881
15881
15881
15880
15881
15880
15880
15879
15879
15878
15879
15878
15878
15878
15879
15879
15880
15879
15880
15879
15880
15880
15880
15879
15879
15879
15880
15880
15881
15881
15881
15880
15881
15881
15881
15881
15881
15881
15881
15881
15881
15880
15880
15879
15880
15880
15880
15880
15880
15880
15880
15879
15880
15879
15880
15880
15881
15880
15881
15880
15881
15881
15881
15881
15881
15881
15881
15881
15881
15881
15881
15881
15881
15880
15880
15880
15880
15880
15881
15881
15881
15880
15881
15881
15881
15881
15881
15881
15882
15881
15882
15883
15884
15885
15884
15883
15884
15885
15886
15885
15884
15885
15886
15885
15884
15885
15884
15885
15886
15895
15904
15895
15904
15906
15904
15906
15909
15909
15909
15909
15910
15909
15909
15909
15909
15909
15909
15909
15909
15909
15909
15909
15909
15909
15909
15909
15909
15909
15909
15909
15909
15906
15904
15906
15909
15906
15904
15895
15904
15895
15904
15906
15904
15895
15886
15895
15904
15895
15886
15885
15884
15883
15882
15883
15882
15883
15882
15883
15884
15883
15884
15883
15884
15883
15884
15885
15886
15885
15884
15885
15884
15883
15882
15881
15882
15881
15881
15881
15881
15881
15881
15881
15881
15881
15881
15881
15881
15881
15881
15881
15881
15880
15881
15880
15880
15880
15880
15880
15880
15879
15879
15879
15879
15878
15879
15879
15879
15879
15879
15878
15878
15875
15878
15878
15879
15878
15879
15878
15878
15875
15878
15875
15873
15875
15873
15866
15860
15853
15847
15853
15847
15853
15860
15853
15847
15842
15847
15842
15838
15837
15836
15830
15825
15830
15836
15837
15836
15830
15836
15837
15838
15842
15847
15853
15860
15853
15860
15853
15847
15842
15838
15837
15836
15830
15825
15821
15825
15821
15817
15821
15817
15821
15825
15830
15825
15821
15825
15821
15825
15830
15836
15830
15825
15821
15825
15821
15817
15808
15817
15808
15800
15808
15817
15821
15817
15821
15825
15821
15825
15821
15817
15808
15817
15821
15817
15821
15825
15830
15836
15830
15825
15821
15825
15821
15825
15830
15825
15830
15836
15837
15838
15837
15836
15830
15836
15837
15838
15842
15847
15853
15860
15853
15847
15842
15847
15853
15860
15866
15860
15866
15873
15866
15873
15866
15860
15853
15860
15853
15847
15853
15860
15853
15860
15853
15847
15842
15847
15842
15847
15842
15847
15842
15838
15842
15838
15837
15838
15842
15847
15842
15838
15837
15836
15830
15836
15837
15838
15837
15836
15830
15825
15821
15817
15808
15800
15808
15800
15808
15817
15821
15825
15830
15836
15830
15836
15837
15836
15830
15825
15821
15825
15830
15836
15830
15825
15830
15836
15837
15838
15842
15847
15853
15847
15842
15838
15842
15847
15853
15847
15842
15847
15853
15860
15853
15860
15866
15873
15866
15873
15875
15878
15875
15873
15866
15873
15875
15878
15875
15873
15866
15860
15853
15847
15853
15847
15853
15847
15853
15860
15853
15847
15842
15847
15842
15847
15842
15847
15842
15847
15842
15838
15837
15836
15830
15836
15837
15836
15830
15825
15821
15825
15821
15825
15830
15825
15830
15825
15821
15825
15821
15817
15808
15800
15808
15817
15808
15817
15808
15800
15792
15785
15784
15784
15784
15784
15779
15774
15773
15774
15773
15773
15773
15773
15768
15763
15768
15773
15773
15774
15773
15774
15779
15774
15779
15784
15784
15785
15784
15784
15784
15784
15779
15784
15784
15785
15792
15785
15792
15800
15808
15800
15808
15800
15792
15785
15792
15800
15808
15800
15808
15817
15808
15800
15808
15817
15821
15825
15821
15825
15830
15836
15830
15836
15837
15838
15837
15836
15830
15836
15837
15838
15837
15838
15840
15838
15837
15836
15837
15838
15837
15836
15830
15825
15821
15825
15821
15825
15830
15825
15821
15825
15821
15817
15821
15817
15821
15825
15821
15825
15830
15825
15821
15825
15830
15836
15830
15825
15821
15825
15830
15825
15830
15825
15821
15825
15821
15817
15808
15800
15792
15785
15784
15784
15784
15785
15784
15784
15780
15776
15780
15784
15784
15784
15780
15784
15780
15784
15784
15784
15784
15784
15780
15776
15780
15776
15780
15776
15775
15776
15780
15784
15780
15784
15784
15785
15784
15784
15784
15784
15784
15785
15792
15800
15792
15785
15784
15784
15784
15785
15784
15784
15780
15784
15780
15784
15784
15784
15784
15785
15792
15785
15784
15785
15792
15800
15792
15800
15808
15817
15821
15817
15808
15817
15821
15817
15821
15817
15821
15825
15821
15817
15821
15817
15808
15800
15792
15800
15792
15785
15784
15784
15784
15784
15784
15784
15780
15784
15784
15785
15792
15800
15808
15817
15808
15817
15821
15817
15821
15825
15830
15836
15837
15836
15830
15825
15821
15825
15830
15825
15821
15825
15821
15817
15821
15825
15821
15825
15830
15825
15830
15836
15837
15836
15830
15836
15837
15836
15837
15838
15840
15838
15840
15838
15837
15836
15837
15836
15830
15825
15821
15817
15821
15817
15808
15800
15808
15800
15792
15785
15784
15785
15792
15800
15792
15800
15792
15800
15792
15800
15808
15800
15792
15800
15808
15800
15808
15817
15808
15800
15808
15817
15808
15800
15808
15800
15808
15800
15808
15800
15792
15800
15808
15800
15792
15785
15784
15784
15784
15785
15784
15785
15784
15784
15780
15776
15775
15774
15775
15774
15775
15776
15780
15784
15784
15784
15780
15784
15784
15785
15784
15784
15780
15784
15784
15784
15780
15784
15784
15785
15784
15785
15792
15785
15784
15784
15780
15776
15775
15776
15780
15776
15780
15776
15775
15776
15780
15776
15775
15774
15775
15776
15780
15784
15784
15784
15784
15785
15792
15800
15792
15800
15808
15817
15821
15825
15821
15825
15830
15825
15830
15825
15821
15825
15830
15836
15837
15836
15837
15836
15830
15825
15830
15836
15837
15836
15837
15838
15840
15842
15844
15847
15853
15860
15866
15873
15866
15873
15875
15873
15875
15878
15875
15878
15875
15873
15866
15860
15866
15873
15866
15873
15875
15878
15875
15873
15875
15878
15878
15878
15875
15878
15875
15878
15878
15878
15878
15879
15879
15880
15880
15880
15880
15880
15879
15880
15879
15879
15878
15879
15879
15879
15878
15878
15878
15878
15875
15873
15866
15860
15866
15860
15866
15873
15866
15860
15866
15860
15853
15847
15844
15847
15844
15847
15844
15847
15853
15847
15853
15860
15866
15860
15866
15873
15875
15873
15875
15878
15878
15878
15878
15879
15878
15878
15875
15878
15878
15879
15878
15878
15875
15878
15875
15878
15875
15873
15866
15873
15866
15873
15866
15860
15866
15873
15875
15878
15875
15878
15878
15879
15879
15880
15879
15879
15879
15880
15880
15880
15879
15879
15879
15879
15879
15880
15879
15880
15880
15880
15879
15880
15879
15880
15880
15880
15879
15879
15878
15878
15878
15879
15878
15878
15875
15878
15875
15878
15875
15873
15875
15873
15866
15860
15866
15873
15875
15878
15878
15878
15875
15873
15866
15873
15866
15860
15866
15860
15866
15873
15866
15860
15853
15847
15844
15847
15853
15847
15844
15847
15844
15847
15853
15847
15853
15847
15844
15842
15844
15842
15840
15842
15840
15838
15837
15838
15837
15838
15840
15842
15844
15847
15853
15860
15853
15860
15853
15860
15853
15860
15853
15847
15844
15847
15844
15847
15853
15860
15866
15860
15866
15873
15875
15878
15878
15878
15875
15873
15875
15873
15875
15878
15875
15878
15875
15873
15866
15860
15866
15860
15853
15860
15866
15873
15866
15873
15875
15873
15866
15860
15853
15860
15866
15873
15875
15878
15875
15878
15875
15873
15875
15873
15875
15878
15878
15879
15878
15879
15879
15880
15880
15881
15881
15881
15881
15882
15881
15882
15881
15881
15881
15881
15881
15882
15881
15881
15881
15881
15881
15881
15881
15881
15881
15882
15883
15882
15881
15881
15881
15881
15881
15881
15881
15882
15883
15884
15885
15886
15885
15886
15885
15884
15885
15886
15895
15904
15906
15909
15909
15909
15909
15909
15906
15909
15909
15909
15906
15909
15906
15909
15909
15909
15906
15904
15906
15904
15895
15886
15895
15886
15895
15904
15906
15904
15895
15886
15895
15886
15885
15886
15895
15886
15885
15884
15885
15886
15885
15886
15895
15886
15885
15884
15883
15882
15881
15881
15881
15881
15881
15881
15880
15880
15879
15880
15879
15879
15879
15880
15879
15880
15879
15880
15880
15880
15879
15879
15879
15880
15880
15880
15879
15880
15879
15879
15879
15879
15878
15879
15878
15878
15878
15879
15878
15878
15875
15873
15875
15873
15875
15873
15875
15878
15875
15873
15875
15873
15866
15860
15853
15860
15866
15860
15866
15873
15866
15860
15866
15873
15866
15873
15875
15873
15875
15878
15875
15873
15866
15860
15866
15873
15866
15860
15866
15860
15853
15847
15844
15847
15853
15847
15844
15842
15844
15847
15853
15847
15844
15842
15844
15847
15844
15842
15844
15842
15840
15842
15840
15838
15840
15838
15837
15838
15837
15838
15840
15838
15840
15838
15840
15842
15844
15847
15853
15860
15866
15860
15853
15847
15844
15842
15840
15842
15840
15842
15840
15838
15840
15842
15844
15842
15840
15838
15840
15838
15837
15838
15837
15838
15840
15838
15837
15838
15840
15842
15840
15838
15840
15842
15844
15842
15844
15847
15844
15842
15840
15838
15840
15838
15840
15842
15840
15838
15837
15838
15837
15836
15830
15836
15837
15836
15830
15825
15830
15836
15837
15838
15837
15836
15830
15836
15837
15838
15840
15842
15840
15842
15840
15842
15844
15842
15844
15847
15844
15842
15844
15842
15844
15842
15844
15847
15844
15847
15853
15860
15866
15873
15866
15873
15875
15878
15878
15879
15879
15880
15880
15881
15880
15881
15880
15881
15881
15881
15881
15881
15881
15881
15881
15881
15880
15880
15879
15879
15879
15880
15879
15879
15879
15880
15880
15880
15880
15880
15879
15880
15880
15881
15880
15881
15880
15881
15880
15881
15880
15880
15879
15880
15879
15879
15878
15879
15878
15878
15875
15878
15878
15878
15878
15878
15875
15873
15875
15873
15875
15878
15878
15878
15875
15873
15875
15878
15878
15879
15878
15879
15878
15878
15875
15873
15866
15860
15853
15860
15853
15860
15866
15873
15866
15860
15866
15860
15866
15860
15866
15860
15853
15847
15844
15842
15844
15847
15853
15847
15853
15847
15853
15847
15853
15847
15853
15860
15853
15860
15866
15860
15866
15860
15853
15847
15853
15847
15853
15847
15844
15842
15840
15838
15837
15838
15837
15838
15840
15842
15844
15842
15840
15838
15840
15842
15840
15842
15844
15842
15844
15842
15844
15842
15840
15838
15837
15838
15837
15838
15840
15838
15840
15838
15840
15842
15844
15847
15844
15842
15844
15847
15844
15842
15844
15842
15840
15838
15837
15838
15840
15842
15840
15842
15844
15847
15853
15847
15844
15842
15844
15847
15853
15847
15844
15842
15844
15847
15844
15847
15853
15847
15853
15847
15853
15847
15853
15847
15844
15847
15853
15847
15844
15842
15840
15838
15840
15842
15840
15842
15840
15842
15840
15842
15841
15841
15841
15841
15841
15842
15844
15842
15841
15842
15844
15847
15853
15847
15853
15847
15853
15860
15866
15873
15866
15860
15866
15873
15875
15878
15875
15878
15875
15878
15875
15878
15878
15878
15875
15878
15878
15878
15878
15879
15878
15878
15875
15873
15875
15873
15875
15873
15875
15878
15875
15878
15878
15878
15875
15873
15866
15860
15853
15847
15853
15847
15844
15847
15844
15847
15853
15860
15866
15860
15853
15860
15866
15873
15875
15873
15875
15873
15875
15873
15875
15873
15866
15860
15853
15847
15844
15842
15844
15842
15841
15841
15839
15838
15837
15836
15830
15836
15837
15838
15839
15838
15837
15836
15830
15836
15837
15838
15837
15838
15839
15838
15839
15841
15839
15841
15839
15841
15839
15841
15841
15842
15844
15842
15841
15842
15841
15842
15844
15842
15841
15841
15839
15838
15837
15836
15830
15825
15830
15836
15837
15836
15830
15825
15830
15825
15830
15825
15830
15825
15830
15836
15830
15825
15824
15824
15824
15824
15824
15824
15824
15825
15830
15836
15837
15838
15839
15841
15839
15838
15837
15836
15837
15836
15830
15825
15830
15836
15837
15836
15837
15838
15837
15836
15830
15836
15837
15838
15837
15836
15837
15838
15839
15841
15839
15838
15837
15838
15839
15838
15839
15838
15837
15836
15830
15825
15824
15824
15824
15824
15820
15817
15808
15817
15808
15817
15808
15817
15808
15800
15808
15800
15808
15800
15792
15785
15784
15784
15784
15784
15780
15784
15784
15784
15780
15784
15780
15776
15775
15774
15775
15774
15775
15774
15775
15774
15775
15776
15775
15776
15780
15776
15775
15774
15773
15773
15768
15773
15773
15773
15768
15773
15768
15763
15768
15773
15768
15773
15773
15773
15768
15763
15761
15763
15761
15763
15768
15773
15768
15763
15761
15763
15768
15763
15768
15773
15768
15763
15761
15763
15768
15773
15768
15773
15773
15773
15768
15773
15773
15774
15775
15776
15780
15784
15780
15784
15780
15784
15780
15776
15780
15776
15780
15776
15775
15776
15780
15784
15780
15776
15780
15784
15784
15785
15784
15785
15792
15800
15792
15800
15792
15785
15784
15784
15784
15784
15784
15784
15780
15784
15780
15784
15784
15784
15784
15785
15784
15785
15784
15784
15780
15784
15784
15785
15792
15800
15808
15800
15792
15800
15808
15817
15820
15824
15824
15824
15824
15824
15824
15824
15824
15824
15824
15824
15820
15824
15824
15824
15824
15824
15820
15824
15820
15824
15824
15824
15820
15824
15824
15824
15824
15824
15820
15817
15820
15824
15820
15817
15820
15824
15820
15817
15820
15824
15824
15824
15824
15824
15824
15824
15824
15824
15824
15824
15824
15824
15824
15824
15824
15824
15824
15824
15824
15824
15824
15824
15820
15817
15808
15817
15808
15817
15808
15817
15808
15817
15808
15800
15808
15800
15792
15800
15792
15800
15792
15785
15784
15785
15784
15784
15784
15784
15784
15784
15784
15784
15784
15784
15780
15776
15780
15784
15780
15784
15784
15784
15784
15784
15784
15784
15784
15784
15784
15784
15784
15785
15792
15785
15784
15785
15784
15784
15784
15784
15780
15776
15780
15776
15780
15784
15784
15784
15784
15784
15784
15784
15784
15784
15784
15784
15784
15785
15792
15785
15784
15785
15792
15800
15808
15800
15808
15817
15808
15817
15820
15817
15820
15824
15820
15817
15808
15817
15808
15817
15820
15824
15824
15824
15820
15824
15820
15824
15820
15824
15824
15824
15820
15817
15808
15817
15808
15800
15792
15800
15792
15785
15792
15800
15808
15800
15808
15800
15808
15817
15808
15817
15808
15817
15808
15800
15792
15785
15792
15785
15792
15800
15792
15800
15808
15800
15808
15800
15808
15817
15820
15824
15824
15824
15824
15824
15824
15824
15824
15824
15820
15824
15824
15824
15824
15824
15824
15824
15824
15825
15824
15824
15824
15824
15824
15824
15824
15824
15824
15824
15824
15824
15820
15817
15808
15800
15808
15817
15808
15800
15808
15817
15820
15824
15824
15824
15824
15824
15820
15824
15824
15824
15824
15824
15824
15825
15824
15824
15824
15824
15824
15824
15820
15824
15820
15824
15824
15824
15820
15817
15808
15817
15820
15824
15820
15817
15808
15800
15792
15785
15792
15785
15784
15784
15784
15785
15792
15800
15792
15800
15792
15800
15808
15817
15808
15800
15792
15800
15808
15817
15820
15817
15820
15817
15820
15824
15824
15824
15824
15824
15824
15825
15830
15825
15830
15825
15830
15836
15830
15836
15830
15825
15824
15824
15824
15824
15824
15824
15824
15824
15820
15824
15820
15824
15824
15824
15824
15824
15824
15824
15824
15824
15824
15824
15824
15824
15824
15824
15824
15824
15820
15817
15808
15817
15808
15817
15808
15817
15820
15824
15824
15824
15824
15824
15824
15824
15824
15824
15820
15824
15820
15824
15824
15824
15824
15824
15824
15824
15824
15824
15820
15824
15820
15817
15808
15800
15808
15800
15808
15800
15792
15785
15784
15785
15784
15785
15784
15785
15784
15784
15784
15784
15784
15784
15784
15784
15784
15785
15792
15800
15808
15800
15792
15785
15792
15785
15792
15800
15808
15817
15808
15817
15808
15800
15792
15785
15792
15785
15792
15800
15792
15785
15784
15785
15784
15785
15784
15785
15792
15785
15784
15785
15784
15784
15784
15784
15784
15784
15780
15776
15780
15776
15775
15774
15775
15774
15775
15776
15775
15776
15775
15776
15775
15774
15773
15774
15773
15773
15773
15773
15773
15774
15775
15776
15775
15776
15775
15776
15775
15774
15775
15776
15780
15784
15780
15776
15775
15774
15775
15776
15775
15774
15773
15774
15775
15774
15775
15774
15773
15773
15773
15773
15773
15773
15773
15774
15775
15776
15775
15776
15775
15776
15775
15776
15775
15776
15780
15776
15780
15784
15784
15784
15784
15785
15784
15785
15792
15785
15784
15784
15784
15784
15784
15784
15784
15785
15792
15800
15792
15800
15808
15800
15792
15785
15784
15785
15784
15784
15784
15784
15784
15784
15780
15784
15784
15784
15784
15785
15792
15800
15808
15817
15808
15817
15820
15824
15824
15824
15824
15825
15824
15824
15824
15824
15824
15825
15830
15835
15835
15836
15835
15836
15837
15836
15837
15838
15839
15838
15837
15836
15835
15835
15835
15836
15837
15836
15837
15836
15835
15836
15837
15836
15837
15836
15835
15836
15837
15836
15835
15835
15830
15825
15824
15825
15824
15824
15824
15825
15824
15825
15824
15825
15830
15835
15835
15835
15830
15825
15824
15825
15830
15825
15824
15825
15830
15825
15830
15825
15824
15825
15824
15825
15830
15825
15824
15825
15830
15835
15835
15835
15830
15835
15830
15835
15830
15835
15830
15825
15830
15835
15835
15836
15835
15836
15835
15835
15830
15835
15830
15825
15830
15825
15830
15825
15830
15825
15830
15835
15835
15836
15835
15836
15837
15836
15835
15835
15835
15836
15837
15836
15837
15836
15837
15838
15837
15836
15837
15836
15837
15838
15837
15836
15835
15836
15835
15836
15837
15838
15839
15838
15839
15841
15841
15842
15841
15841
15839
15841
15841
15841
15841
15842
15841
15842
15841
15842
15844
15842
15844
15842
15844
15847
15844
15842
15844
15842
15844
15842
15844
15842
15841
15842
15841
15841
15841
15842
15841
15841
15839
15841
15839
15838
15837
15838
15837
15836
15837
15836
15837
15836
15837
15836
15835
15836
15835
15836
15835
15836
15835
15836
15835
15836
15835
15836
15835
15836
15837
15838
15837
15838
15837
15836
15835
15835
15835
15836
15837
15836
15835
15836
15837
15838
15837
15838
15837
15836
15835
15836
15835
15835
15835
15836
15835
15836
15835
15835
15830
15835
15835
15836
15837
15836
15835
15836
15835
15836
15835
15836
15835
15835
15830
15825
15824
15824
15824
15824
15824
15824
15824
15824
15824
15824
15824
15824
15824
15824
15824
15825
15830
15835
15835
15835
15830
15825
15830
15825
15824
15824
15824
15824
15824
15824
15820
15824
15820
15824
15824
15824
15824
15824
15824
15824
15824
15824
15824
15825
15830
15835
15830
15835
15835
15835
15835
15835
15830
15835
15830
15825
15830
15835
15835
15835
15830
15835
15830
15835
15830
15835
15835
15835
15835
15835
15830
15835
15835
15836
15835
15835
15830
15835
15835
15836
15835
15835
15835
15835
15835
15835
15830
15835
15830
15825
15824
15825
15830
15825
15824
15824
15824
15825
15824
15825
15830
15835
15830
15825
15830
15835
15830
15835
15835
15836
15837
15838
15839
15838
15839
15838
15837
15836
15837
15838
15837
15838
15837
15838
15837
15836
15837
15838
15837
15838
15837
15838
15839
15838
15839
15841
15839
15841
15841
15842
15844
15842
15841
15842
15844
15847
15844
15847
15844
15847
15844
15842
15844
15842
15844
15847
15847
15847
15844
15847
15844
15847
15844
15842
15844
15842
15841
15842
15841
15842
15841
15841
15840
15841
15840
15841
15841
15842
15844
15847
15844
15847
15847
15847
15847
15847
15847
15847
15847
15847
15847
15847
15847
15847
15847
15847
15847
15847
15847
15847
15844
15842
15844
15842
15841
15842
15844
15842
15841
15841
15841
15842
15844
15842
15841
15842
15844
15847
15847
15847
15844
15847
15847
15847
15851
15855
15851
15855
15851
15855
15851
15847
15851
15847
15847
15847
15847
15847
15847
15847
15844
15847
15847
15847
15851
15855
15851
15855
15857
15860
15857
15860
15866
15860
15857
15855
15857
15855
15851
15855
15857
15855
15857
15855
15851
15847
15851
15847
15851
15855
15851
15855
15857
15860
15866
15873
15875
15873
15866
15873
15866
15860
15857
15860
15857
15855
15851
15855
15851
15855
15857
15855
15857
15855
15851
15855
15857
15860
15857
15855
15851
15855
15851
15847
15847
15847
15851
15855
15857
15860
15857
15855
15851
15855
15857
15855
15857
15855
15851
15847
15847
15847
15847
15847
15844
15847
15844
15847
15847
15847
15847
15847
15847
15847
15847
15847
15847
15847
15847
15847
15847
15847
15847
15847
15847
15847
15844
15847
15847
15847
15847
15847
15844
15842
15844
15847
15844
15847
15844
15842
15844
15842
15841
15842
15841
15842
15844
15842
15841
15842
15844
15842
15841
15841
15840
15841
15841
15842
15844
15842
15844
15847
15847
15847
15844
15842
15844
15847
15847
15847
15847
15847
15847
15847
15844
15842
15841
15841
15840
15840
15840
15840
15839
15840
15840
15840
15840
15840
15839
15840
15839
15840
15840
15840
15840
15840
15840
15840
15839
15838
15837
15836
15837
15838
15837
15836
15835
15836
15835
15835
15835
15836
15837
15838
15839
15838
15837
15838
15837
15836
15837
15836
15837
15836
15837
15838
15839
15838
15837
15838
15839
15838
15837
15836
15837
15838
15837
15838
15839
15838
15837
15836
15835
15836
15837
15838
15839
15840
15840
15840
15840
15840
15840
15841
15840
15840
15839
15840
15839
15838
15837
15836
15835
15835
15835
15835
15835
15836
15837
15836
15837
15836
15835
15836
15835
15836
15835
15836
15835
15836
15835
15835
15835
15835
15835
15835
15835
15836
15837
15836
15835
15835
15835
15835
15834
15834
15829
15825
15829
15834
15829
15834
15834
15834
15834
15834
15834
15835
15834
15834
15834
15835
15834
15834
15834
15835
15834
15834
15829
15834
15834
15834
15834
15834
15834
15834
15834
15835
15835
15835
15835
15836
15837
15838
15839
15838
15837
15838
15837
15838
15839
15840
15839
15840
15840
15841
15840
15841
15841
15842
15841
15841
15841
15842
15841
15841
15840
15840
15839
15838
15837
15838
15837
15838
15839
15840
15839
15838
15839
15838
15839
15838
15839
15838
15839
15838
15839
15840
15840
15841
15840
15840
15840
15840
15840
15840
15840
15840
15839
15840
15840
15840
15839
15840
15840
15840
15840
15840
15839
15838
15839
15840
15839
15840
15839
15838
15837
15838
15837
15838
15837
15836
15837
15836
15835
15836
15837
15838
15837
15838
15837
15838
15839
15838
15839
15840
15839
15838
15839
15838
15837
15838
15837
15838
15839
15840
15839
15840
15840
15841
15840
15841
15840
15841
15840
15840
15840
15840
15840
15840
15840
15841
15841
15841
15841
15841
15841
15841
15840
15840
15839
15840
15839
15840
15840
15840
15840
15841
15841
15841
15840
15840
15840
15840
15840
15841
15840
15840
15840
15841
15840
15841
15841
15842
15844
15842
15844
15842
15844
15842
15844
15842
15844
15847
15847
15847
15847
15847
15847
15847
15844
15847
15847
15847
15851
15855
15851
15847
15851
15847
15851
15847
15851
15847
15851
15847
15847
15847
15851
15855
15851
15855
15857
15855
15851
15847
15847
15847
15847
15847
15847
15847
15847
15847
15847
15847
15851
15847
15851
15847
15847
15847
15847
15847
15847
15847
15847
15847
15847
15847
15851
15847
15847
15847
15847
15847
15851
15847
15851
15855
15857
15855
15851
15847
15847
15847
15847
15847
15844
15847
15847
15847
15847
15847
15847
15847
15847
15847
15844
15847
15844
15842
15844
15842
15841
15842
15844
15847
15847
15847
15844
15842
15844
15842
15841
15842
15844
15847
15847
15847
15847
15847
15851
15855
15851
15855
15851
15847
15851
15855
15857
15860
15866
15873
15875
15878
15875
15878
15878
15879
15879
15880
15879
15879
15878
15878
15878
15879
15879
15880
15879
15880
15879
15880
15880
15880
15879
15880
15880
15881
15880
15880
15880
15881
15880
15880
15880
15880
15880
15880
15879
15879
15879
15880
15879
15880
15879
15879
15878
15879
15878
15878
15878
15879
15879
15879
15879
15879
15879
15879
15879
15880
15880
15880
15879
15879
15879
15880
15880
15880
15879
15879
15878
15879
15878
15879
15879
15880
15880
15880
15880
15880
15879
15879
15879
15879
15879
15879
15878
15879
15878
15878
15875
15873
15866
15873
15866
15873
15866
15873
15875
15878
15878
15878
15878
15879
15878
15878
15875
15873
15875
15873
15866
15860
15866
15873
15866
15873
15866
15860
15857
15855
15857
15855
15851
15847
15851
15847
15851
15847
15851
15847
15851
15847
15851
15847
15851
15855
15851
15847
15847
15847
15847
15847
15851
15855
15851
15855
15851
15847
15851
15855
15857
15860
15866
15873
15875
15878
15875
15873
15875
15873
15875
15878
15875
15878
15875
15878
15875
15873
15875
15873
15866
15873
15875
15873
15875
15878
15878
15878
15878
15878
15878
15878
15875
15873
15875
15878
15878
15879
15879
15879
15879
15879
15879
15880
15879
15880
15879
15879
15879
15880
15880
15881
15880
15880
15880
15880
15880
15881
15880
15881
15881
15881
15880
15881
15880
15880
15879
15880
15880
15881
15880
15881
15881
15881
15881
15881
15881
15881
15881
15882
15881
15882
15883
15882
15883
15882
15881
15882
15883
15882
15881
15881
15881
15881
15881
15882
15881
15882
15883
15884
15883
15882
15883
15884
15885
15886
15894
15902
15903
15902
15894
15902
15903
15904
15905
15907
15908
15909
15908
15907
15908
15907
15905
15907
15905
15907
15905
15907
15905
15907
15905
15904
15905
15907
15905
15904
15905
15907
15908
15907
15908
15907
15908
15907
15908
15907
15908
15907
15905
15907
15908
15909
15909
15909
15909
15910
15909
15910
15909
15909
15909
15909
15909
15909
15909
15909
15908
15909
15909
15909
15908
15907
15905
15904
15903
15902
15903
15904
15905
15907
15908
15907
15905
15904
15905
15907
15908
15909
15909
15909
15908
15909
15909
15909
15909
15909
15909
15910
15909
15910
15913
15910
15913
15916
15913
15916
15913
15910
15913
15916
15916
15917
15916
15916
15916
15916
15916
15916
15916
15917
15916
15917
15916
15916
15916
15917
15917
15917
15916
15916
15916
15917
15916
15916
15916
15916
15916
15917
15917
15917
15916
15916
15913
15910
15909
15910
15909
15910
15909
15910
15909
15909
15909
15909
15909
15909
15909
15909
15908
15907
15905
15904
15905
15904
15903
15904
15905
15907
15905
15907
15908
15907
15908
15909
15908
15909
15908
15909
15908
15907
15905
15904
15905
15904
15903
15902
15894
15902
15894
15902
15903
15904
15903
15904
15903
15902
15894
15902
15903
15902
15894
15902
15894
15902
15903
15904
15903
15902
15894
15886
15894
15886
15885
15886
15894
15886
15894
15902
15894
15886
15885
15884
15883
15882
15883
15882
15881
15882
15881
15881
15881
15881
15881
15881
15881
15881
15881
15881
15881
15882
15883
15884
15885
15884
15885
15884
15883
15882
15883
15882
15881
15882
15883
15884
15883
15882
15883
15884
15885
15886
15885
15884
15885
15886
15885
15886
15894
15902
15894
15902
15903
15902
15894
15886
15885
15886
15885
15884
15883
15884
15883
15882
15883
15882
15883
15884
15883
15882
15881
15882
15883
15882
15881
15881
15881
15881
15881
15881
15880
15880
15880
15881
15880
15881
15880
15880
15879
15880
15880
15880
15880
15880
15879
15879
15879
15880
15880
15880
15880
15881
15880
15881
15880
15880
15880
15881
15881
15881
15880
15881
15880
15881
15881
15881
15881
15881
15881
15882
15881
15882
15881
15881
15881
15881
15881
15881
15881
15881
15881
15881
15881
15881
15881
15881
15881
15881
15880
15881
15881
15881
15880
15880
15880
15881
15880
15880
15880
15881
15880
15881
15880
15880
15880
15880
15879
15879
15879
15879
15879
15879
15879
15879
15878
15878
15878
15878
15878
15879
15878
15879
15879
15879
15878
15879
15879
15880
15879
15879
15878
15879
15878
15878
15878
15878
15878
15878
15875
15873
15866
15873
15866
15873
15866
15873
15866
15873
15875
15873
15866
15873
15866
15860
15866
15860
15857
15860
15866
15873
15875
15878
15875
15878
15875
15878
15878
15879
15879
15880
15879
15880
15880
15880
15879
15880
15880
15881
15880
15880
15880
15881
15880
