8 23
2 17
1 15
4 17
3 10
4 22
5 0
4 16
7 22
7 5
6 4
7 3
4 11
3 22
2 9
1 1
1 19
7 15
4 0
2 22
1 4
6 7
2 22
1 4
2 3
4 22
1 8
4 5
3 1
1 16
5 14
2 1
7 12
1 9
5 21
2 10
1 17
5 17
2 12
4 9
7 2
5 1
4 16
5 2
1 16
4 17
2 6
4 11
7 0
4 19
0 22
3 11
6 18
4 20
7 21
5 18
1 3
6 22
4 13
4 8
2 13
3 7
6 9
5 9
5 9
3 19
7 5
7 12
7 7
6 3
5 4
4 16
6 5
4 21
5 11
0 13
1 20
4 21
4 10
5 20
3 6
7 16
7 18
0 7
3 3
4 1
2 19
6 9
2 4
3 1
3 19
7 12
0 0
3 10
6 6
5 17
1 1
4 1
4 10
6 15
3 6
7 9
2 21
6 14
0 14
4 7
5 18
7 20
7 17
1 22
3 9
7 7
4 21
5 17
0 5
7 10
6 13
1 2
3 9
5 8
1 20
6 22
5 22
4 11
0 15
2 11
4 16
0 22
4 15
0 17
2 13
1 2
5 17
1 9
2 9
4 10
0 15
1 16
0 17
2 2
3 4
4 22
5 20
0 22
2 9
6 3
0 8
5 20
2 21
6 18
5 6
7 2
6 2
3 12
6 11
7 1
1 17
0 0
7 16
0 15
1 10
6 14
6 12
6 10
2 6
4 6
0 21
5 4
3 21
4 20
6 19
2 13
6 16
6 16
3 1
0 6
5 3
5 2
2 3
3 15
1 5
3 9
2 1
7 3
